1 0 0 -2.5 0 0 0 1
2 -0.00126362 0.00400925 -2.49997 0.00213729 -0.000606835 -0.000311375 0.999997
3 -0.00167966 0.00312972 -2.50063 0.0010317 -0.00176923 0.000122696 0.999998
4 -0.000247002 -0.000850201 -2.4985 1.89982e-05 -0.00288448 0.001187 0.999995
5 0.00172091 0.00584078 -2.49899 0.00262946 -0.00394 0.000719161 0.999988
6 0.00185537 0.0125012 -2.5011 0.00352212 -0.00355548 0.000275586 0.999987
7 0.000331402 0.0112517 -2.50181 0.00123895 -0.00256539 0.000343857 0.999996
8 -0.000375509 0.00877118 -2.49985 -6.91342e-05 -0.0023044 0.0015217 0.999996
9 -0.00169134 0.0138311 -2.50108 0.00122998 -0.00233789 0.00172461 0.999995
10 -0.00173473 0.0113013 -2.50186 -0.000537922 -0.00290778 0.00199833 0.999994
11 -0.00109506 0.00483108 -2.49982 -0.00215667 -0.00382543 0.00267791 0.999987
12 0.000223398 0.00624132 -2.49974 -0.000476224 -0.0044618 0.00259144 0.999987
13 0.00208306 0.0112724 -2.50147 0.00133854 -0.00540543 0.00212861 0.999982
14 0.00393748 0.0101433 -2.50154 0.000381435 -0.00589832 0.00164379 0.999981
15 0.00465274 0.00929332 -2.50136 0.000223492 -0.00575555 0.00177301 0.999982
16 0.00444889 0.0117736 -2.50257 0.000694798 -0.00606591 0.00155493 0.99998
17 0.00397205 0.0111034 -2.5035 -5.76527e-05 -0.00591478 0.0015008 0.999981
18 0.00426102 0.00839353 -2.50334 -0.00119733 -0.00620472 0.00211804 0.999978
19 0.00398326 0.00940371 -2.50509 -0.000658825 -0.00612293 0.00318147 0.999976
20 0.00560594 0.0073843 -2.50494 -0.00067692 -0.0061169 0.00414141 0.999972
21 0.00569654 0.0055542 -2.50472 -0.000669777 -0.00580738 0.00449327 0.999973
22 0.00744629 0.00985575 -2.50754 0.00154371 -0.00385383 0.00501087 0.999979
23 0.00880957 0.00907588 -2.50755 0.00110889 -0.00267552 0.00556202 0.99998
24 0.00889778 0.0110564 -2.50978 0.00191965 -0.000920369 0.00548974 0.999983
25 0.00769353 0.0111861 -2.51062 0.00210345 0.000946403 0.00542227 0.999983
26 0.00843716 0.0140262 -2.5124 0.0031102 0.00230913 0.00568942 0.999976
27 0.00765872 0.0154159 -2.51354 0.00322881 0.00427776 0.00553895 0.99997
28 0.00841713 0.0168266 -2.51454 0.0033948 0.00638497 0.00615775 0.999955
29 0.0105748 0.0162375 -2.51495 0.00301677 0.00802297 0.00655113 0.999942
30 0.0137651 0.0155187 -2.51605 0.00280178 0.00973461 0.00710785 0.999923
31 0.0139787 0.0134287 -2.51707 0.00169154 0.0124708 0.00782092 0.99989
32 0.0148041 0.0109389 -2.51739 0.000753896 0.0150941 0.00906405 0.999845
33 0.0202456 0.00943136 -2.51939 0.000237456 0.019842 0.0102813 0.99975
34 0.0197306 0.0103016 -2.5208 0.000729192 0.0232861 0.0101455 0.999677
35 0.0200124 0.0118818 -2.52342 0.000788249 0.02667 0.00988712 0.999595
36 0.0216918 0.0125332 -2.52526 0.000457947 0.0300398 0.00979398 0.999501
37 0.0215232 0.0124528 -2.52579 0.000258233 0.0337695 0.00972171 0.999382
38 0.0220344 0.0120137 -2.52676 0.000242648 0.0371885 0.0101208 0.999257
39 0.0240042 0.0119543 -2.52761 0.000168314 0.0401481 0.011428 0.999128
40 0.0276265 0.010956 -2.52866 -0.000992533 0.0466064 0.0129111 0.998829
41 0.0278416 0.0110362 -2.52987 -0.00117379 0.0501354 0.0132686 0.998654
42 0.0289996 0.0111973 -2.53121 -0.00144995 0.0534426 0.0138223 0.998474
43 0.0302663 0.010618 -2.53167 -0.00181596 0.0568649 0.0142304 0.998279
44 0.0314517 0.0097084 -2.53279 -0.00215636 0.0603617 0.0156554 0.998051
45 0.0323505 0.00927925 -2.53357 -0.00252332 0.0636793 0.0167836 0.997826
46 0.0334685 0.00768018 -2.53417 -0.00365696 0.0670477 0.0175053 0.997589
47 0.034713 0.00697088 -2.53438 -0.0041946 0.0705565 0.0180724 0.997335
48 0.0354528 0.00875139 -2.53597 -0.0035419 0.0739649 0.0189564 0.997074
49 0.032172 0.00720072 -2.53773 -0.00456827 0.0781199 0.0193856 0.996745
50 0.0315528 0.004251 -2.5375 -0.00577761 0.0819125 0.0200274 0.996422
51 0.0316176 0.00584102 -2.53802 -0.00480204 0.0854825 0.0204656 0.996118
52 0.0318251 0.00888181 -2.53989 -0.00396075 0.0888366 0.0207949 0.995821
53 0.0318897 0.00802135 -2.53998 -0.00477146 0.092774 0.0216105 0.995441
54 0.0323915 0.0065515 -2.54031 -0.00524454 0.0964554 0.0222194 0.995075
55 0.033283 0.00717235 -2.54124 -0.00493757 0.0998611 0.0229531 0.994724
56 0.033448 0.00908303 -2.54313 -0.0047013 0.103463 0.0237593 0.994338
57 0.0357692 0.00819421 -2.54309 -0.00571929 0.106977 0.0253095 0.993923
58 0.0381806 0.00650454 -2.5439 -0.00628433 0.110449 0.0269054 0.993498
59 0.0403254 0.00955582 -2.54598 -0.00538043 0.114095 0.0279917 0.993061
60 0.0400499 0.0113358 -2.54736 -0.00531323 0.118524 0.028614 0.992525
61 0.0412441 0.0105956 -2.54738 -0.00589995 0.122518 0.0296734 0.992005
62 0.0454067 0.00972724 -2.54771 -0.00607082 0.125519 0.0306826 0.991598
63 0.0469253 0.0125785 -2.55066 -0.00518906 0.129231 0.0311344 0.991112
64 0.047459 0.0118785 -2.55098 -0.00597225 0.13351 0.0317588 0.99052
65 0.0454673 0.0149181 -2.55261 -0.00544031 0.137785 0.0317684 0.989938
66 0.0454923 0.0159783 -2.55417 -0.00646829 0.141381 0.032779 0.989391
67 0.0488112 0.0178094 -2.55471 -0.00741415 0.144592 0.0340879 0.988876
68 0.0496644 0.0174403 -2.55587 -0.00835937 0.148517 0.0350395 0.988254
69 0.0512674 0.0165813 -2.55665 -0.00930879 0.15191 0.0361979 0.987687
70 0.0528768 0.016252 -2.55811 -0.0100987 0.155001 0.037355 0.987156
71 0.0538776 0.0165224 -2.55902 -0.0104915 0.158304 0.0383313 0.98659
72 0.0555148 0.0149434 -2.56081 -0.0109384 0.161457 0.0395218 0.986027
73 0.0566407 0.0152242 -2.56317 -0.0110928 0.16498 0.0411797 0.985375
74 0.0602218 0.0153856 -2.56443 -0.011788 0.168097 0.0423797 0.984789
75 0.0623735 0.014457 -2.56594 -0.0125282 0.171916 0.043391 0.984076
76 0.0640944 0.014138 -2.56701 -0.0127768 0.176058 0.0444473 0.983293
77 0.0660032 0.0157988 -2.56972 -0.0122016 0.179814 0.044748 0.982607
78 0.0683252 0.0149398 -2.57042 -0.0127124 0.183737 0.0457922 0.981826
79 0.070752 0.0152507 -2.57267 -0.0127157 0.187445 0.0463479 0.981099
80 0.0742909 0.016222 -2.5741 -0.0129522 0.191375 0.0467893 0.980316
81 0.0768372 0.0172133 -2.57604 -0.013187 0.195604 0.0470609 0.979464
82 0.0779078 0.0173738 -2.57787 -0.0140307 0.199937 0.0476321 0.97855
83 0.0819237 0.0175953 -2.58002 -0.0153378 0.203111 0.0480205 0.977857
84 0.0888059 0.0153778 -2.58031 -0.01665 0.205756 0.0481836 0.977275
85 0.0903811 0.0137491 -2.58217 -0.0166164 0.209235 0.0470913 0.976589
86 0.091714 0.0141301 -2.58439 -0.0161779 0.212595 0.0462398 0.975912
87 0.0951813 0.0122011 -2.58513 -0.0164639 0.215632 0.0458422 0.975259
88 0.0970063 0.012012 -2.58624 -0.015914 0.219218 0.0463249 0.974445
89 0.0988395 0.0119226 -2.58757 -0.0158717 0.22243 0.0464941 0.97371
90 0.102893 0.0118444 -2.58844 -0.0158869 0.225208 0.0477213 0.973012
91 0.108972 0.0101068 -2.58862 -0.0160384 0.227307 0.0493579 0.972439
92 0.11426 0.00751925 -2.58979 -0.0159353 0.229584 0.0504191 0.971851
93 0.11971 0.00803089 -2.59172 -0.014934 0.232124 0.0499577 0.971288
94 0.123591 0.00799274 -2.59368 -0.0141707 0.235717 0.049758 0.970444
95 0.128417 0.00881505 -2.59529 -0.0135827 0.239034 0.0490763 0.969675
96 0.13351 0.0077672 -2.59759 -0.0141704 0.241683 0.0492394 0.969002
97 0.139048 0.00767922 -2.59834 -0.0143861 0.24395 0.0490896 0.968438
98 0.144423 0.00802183 -2.59979 -0.0141086 0.246148 0.0479876 0.967941
99 0.149331 0.00766373 -2.60029 -0.0144067 0.248663 0.0477487 0.967305
100 0.154985 0.00616598 -2.60131 -0.0147771 0.250328 0.047027 0.966905
101 0.15799 0.0065074 -2.60284 -0.0144357 0.252155 0.0459091 0.966489
102 0.163316 0.00421023 -2.60242 -0.0153274 0.253142 0.0457561 0.966225
103 0.170222 0.00243306 -2.60291 -0.0156447 0.25331 0.0455611 0.966185
104 0.17458 0.0015049 -2.60314 -0.0154339 0.254223 0.0447828 0.965985
105 0.179216 0.00266647 -2.60486 -0.014919 0.2546 0.0436438 0.965946
106 0.184424 0.0032289 -2.6057 -0.0149262 0.255131 0.043352 0.965819
107 0.190174 0.00305128 -2.60689 -0.0148861 0.255273 0.042807 0.965806
108 0.201497 0.00327611 -2.60856 -0.016064 0.255312 0.0432181 0.965759
109 0.209544 0.00261927 -2.60899 -0.0167964 0.25449 0.0441046 0.965923
110 0.216068 0.00320172 -2.61011 -0.0164534 0.254406 0.0442058 0.965946
111 0.219926 0.0060637 -2.61196 -0.0159044 0.254816 0.0447371 0.965823
112 0.22591 0.00648618 -2.61234 -0.0169017 0.254479 0.0447455 0.965895
113 0.233127 0.00650883 -2.61292 -0.0178812 0.254473 0.0452603 0.965855
114 0.239753 0.00785089 -2.61384 -0.0184824 0.255065 0.0458692 0.965658
115 0.244934 0.0098629 -2.61502 -0.0190265 0.256357 0.0461444 0.965293
116 0.249787 0.011575 -2.61591 -0.0202732 0.257845 0.0471452 0.964822
117 0.255826 0.0116072 -2.61625 -0.0226855 0.259023 0.0483388 0.964394
118 0.265116 0.0112104 -2.61506 -0.0245755 0.25978 0.0498937 0.964065
119 0.272525 0.00993299 -2.61421 -0.0254481 0.260835 0.0499916 0.963752
120 0.278096 0.010766 -2.6154 -0.0254501 0.262798 0.0491595 0.963261
121 0.283947 0.0102878 -2.61593 -0.0265588 0.265234 0.0482707 0.962609
122 0.291306 0.00860047 -2.61481 -0.0277359 0.267578 0.048368 0.961922
123 0.295385 0.00759172 -2.61292 -0.0274708 0.270759 0.048148 0.96105
124 0.297524 0.00778246 -2.61225 -0.0269071 0.273985 0.0474131 0.960188
125 0.303603 0.00773478 -2.61125 -0.0277314 0.275593 0.0479244 0.959679
126 0.310272 0.00783682 -2.60993 -0.0282888 0.276956 0.0482574 0.959253
127 0.318031 0.00695896 -2.60781 -0.0288275 0.278416 0.0490167 0.958776
128 0.325289 0.00613165 -2.60559 -0.0280292 0.280141 0.0496976 0.958262
129 0.329598 0.00557256 -2.60414 -0.0268727 0.282322 0.0493983 0.95767
130 0.333956 0.00605392 -2.60221 -0.0261233 0.284128 0.0478158 0.957237
131 0.341024 0.00562668 -2.59976 -0.0261104 0.285229 0.0473287 0.956934
132 0.347972 0.00497913 -2.59689 -0.0256071 0.286238 0.0472535 0.95665
133 0.35366 0.00515127 -2.59525 -0.0251073 0.287625 0.0454899 0.956333
134 0.360039 0.00424314 -2.59309 -0.0264537 0.289201 0.0442794 0.955878
135 0.369347 -0.000723839 -2.58899 -0.0277714 0.289858 0.0457626 0.955571
136 0.372696 -0.00341272 -2.58653 -0.0258472 0.29089 0.0448635 0.955355
137 0.375124 -0.0027225 -2.58469 -0.0243649 0.291349 0.0430375 0.955337
138 0.381041 -0.00323057 -2.58134 -0.0244921 0.290784 0.0429349 0.955511
139 0.386618 -0.00406933 -2.57788 -0.0242813 0.29041 0.0432521 0.955616
140 0.392406 -0.00465751 -2.5746 -0.023904 0.289747 0.0431261 0.955832
141 0.399723 -0.00495529 -2.57108 -0.0233726 0.288927 0.0427085 0.956112
142 0.40569 -0.00638366 -2.56756 -0.0229675 0.28897 0.0420542 0.956138
143 0.409678 -0.00647187 -2.56463 -0.0225131 0.289199 0.0406597 0.95614
144 0.414985 -0.00687003 -2.56109 -0.0232057 0.28895 0.0401753 0.956219
145 0.421461 -0.00790811 -2.55695 -0.0236752 0.288651 0.040545 0.956282
146 0.427738 -0.0105472 -2.55282 -0.0234921 0.287849 0.0404608 0.956532
147 0.430586 -0.0103765 -2.5497 -0.0224392 0.287879 0.0389433 0.956611
148 0.434473 -0.0099957 -2.54675 -0.0225069 0.287346 0.0385858 0.956785
149 0.43977 -0.012114 -2.54263 -0.0237012 0.286081 0.0397349 0.957088
150 0.445067 -0.0134323 -2.5394 -0.0239682 0.284697 0.0406233 0.957457
151 0.453892 -0.0130401 -2.53323 -0.0238035 0.283371 0.0417815 0.957804
152 0.459079 -0.0135882 -2.52961 -0.0234227 0.282768 0.0432032 0.957928
153 0.463196 -0.0146873 -2.52625 -0.0228685 0.282773 0.0430486 0.957947
154 0.466054 -0.0146971 -2.52343 -0.0223969 0.282621 0.0420653 0.958047
155 0.471921 -0.015806 -2.51961 -0.0229259 0.281521 0.0407752 0.958414
156 0.476338 -0.0167346 -2.51558 -0.0224777 0.281409 0.0395034 0.958511
157 0.479414 -0.0174441 -2.51172 -0.0219306 0.281104 0.0382543 0.958664
158 0.484381 -0.0189826 -2.50708 -0.0219678 0.279992 0.036598 0.959053
159 0.493344 -0.0217314 -2.49735 -0.0207768 0.278171 0.0344773 0.959688
160 0.49614 -0.0233402 -2.49279 -0.0199425 0.27738 0.032879 0.959991
161 0.499636 -0.0249894 -2.48752 -0.01949 0.275707 0.0322597 0.960503
162 0.504141 -0.0255589 -2.48196 -0.0186901 0.273185 0.0309919 0.961281
163 0.509456 -0.0255678 -2.47638 -0.0180373 0.270645 0.0296803 0.962052
164 0.515301 -0.027616 -2.47029 -0.0178136 0.268393 0.028462 0.962724
165 0.520727 -0.0303748 -2.46406 -0.0173406 0.26618 0.0268619 0.963393
166 0.523722 -0.0317745 -2.45844 -0.0159472 0.264143 0.0247092 0.964035
167 0.528588 -0.0334933 -2.45236 -0.0154701 0.261309 0.0235425 0.964844
168 0.534542 -0.0366321 -2.44503 -0.0153903 0.258368 0.0227154 0.965657
169 0.538488 -0.0376019 -2.43932 -0.0144345 0.255797 0.0212758 0.966389
170 0.544822 -0.039551 -2.43226 -0.0146713 0.253277 0.0211752 0.967051
171 0.550277 -0.0413198 -2.42524 -0.0133575 0.251236 0.0211016 0.967604
172 0.552933 -0.0412593 -2.4203 -0.0113402 0.24958 0.0209021 0.968062
173 0.558607 -0.0427086 -2.41359 -0.0115697 0.247273 0.0216644 0.968634
174 0.565172 -0.045157 -2.40642 -0.0116221 0.24501 0.0221412 0.969198
175 0.569756 -0.0468264 -2.39965 -0.0103788 0.243545 0.0220018 0.969584
176 0.572991 -0.0468462 -2.39409 -0.00845755 0.242075 0.0199705 0.970015
177 0.575917 -0.0470264 -2.38876 -0.00801905 0.240699 0.0181539 0.970397
178 0.580012 -0.0487754 -2.38246 -0.00891528 0.238746 0.0179363 0.970875
179 0.584337 -0.049695 -2.37616 -0.00875558 0.23594 0.0173032 0.971574
180 0.586972 -0.050195 -2.37005 -0.00822922 0.233435 0.0171653 0.972186
181 0.590997 -0.0514541 -2.36401 -0.00823199 0.229959 0.0168876 0.973019
182 0.594651 -0.0529234 -2.35745 -0.00817047 0.22638 0.0167724 0.97386
183 0.598477 -0.0534031 -2.35211 -0.00734624 0.222879 0.0160556 0.974686
184 0.601083 -0.0531421 -2.34777 -0.00681188 0.219872 0.0154232 0.975383
185 0.604838 -0.0542419 -2.34128 -0.00732802 0.21711 0.0151461 0.976002
186 0.608243 -0.0550218 -2.33619 -0.00687969 0.214519 0.0140924 0.976594
187 0.61107 -0.0556316 -2.33154 -0.00628416 0.212389 0.0138506 0.977067
188 0.613236 -0.055541 -2.32709 -0.00578537 0.210248 0.0135982 0.977536
189 0.616751 -0.0559812 -2.32151 -0.00559458 0.207814 0.0142534 0.978049
190 0.619346 -0.0573008 -2.31588 -0.00547483 0.206079 0.013661 0.978425
191 0.621232 -0.0583606 -2.31015 -0.00503638 0.204894 0.0134404 0.978679
192 0.624933 -0.0596011 -2.29968 -0.00297725 0.202405 0.0131268 0.979209
193 0.627418 -0.0612407 -2.29372 -0.00298802 0.200882 0.0131585 0.979523
194 0.630617 -0.0622511 -2.28122 -0.00170781 0.199413 0.0132839 0.979824
195 0.630832 -0.0616322 -2.27544 -0.00091118 0.199318 0.0125201 0.979854
196 0.632577 -0.0621524 -2.2686 -0.00128987 0.19864 0.0128444 0.979988
197 0.63396 -0.0625927 -2.26124 -0.000946569 0.197891 0.0127283 0.980141
198 0.634054 -0.0620937 -2.25455 -0.000184259 0.197769 0.0119096 0.980176
199 0.635458 -0.0627141 -2.24726 -0.000483876 0.197706 0.0114864 0.980194
200 0.637011 -0.0626147 -2.23966 0.000252461 0.198272 0.0112277 0.980083
201 0.636775 -0.0628662 -2.23295 0.00102233 0.199861 0.0109742 0.979762
202 0.636599 -0.0630674 -2.22602 0.00145511 0.201542 0.0108092 0.979419
203 0.636614 -0.0639787 -2.21905 0.000983485 0.203027 0.0113347 0.979107
204 0.637287 -0.0650597 -2.21137 0.000362527 0.20425 0.0127819 0.978835
205 0.637661 -0.0663612 -2.20339 -0.000206506 0.205551 0.0140984 0.978545
206 0.638194 -0.067862 -2.19497 -0.000139782 0.206459 0.0149522 0.978341
207 0.637938 -0.0697939 -2.18723 0.000194142 0.207162 0.0160419 0.978175
208 0.638011 -0.0707147 -2.17949 0.000951243 0.207212 0.0167979 0.978151
209 0.638444 -0.0717056 -2.17147 0.0011581 0.207332 0.0171051 0.97812
210 0.638687 -0.0730271 -2.16334 0.00176935 0.208346 0.0179824 0.977888
211 0.637981 -0.0741084 -2.15528 0.00266743 0.210015 0.0186729 0.977516
212 0.637045 -0.0753391 -2.1478 0.00347469 0.211904 0.0192908 0.977094
213 0.636479 -0.0767202 -2.14043 0.00382318 0.213505 0.0201383 0.976727
214 0.636533 -0.0788109 -2.13247 0.0036404 0.214783 0.0206442 0.976437
215 0.636906 -0.0803325 -2.12437 0.00447079 0.215815 0.0200995 0.976217
216 0.63608 -0.081444 -2.11729 0.00595943 0.217511 0.0194162 0.975847
217 0.634874 -0.0824854 -2.1104 0.00687239 0.219701 0.0186473 0.975365
218 0.632929 -0.0832171 -2.10375 0.00760446 0.221955 0.0179757 0.974861
219 0.630633 -0.0834687 -2.09757 0.00763519 0.223934 0.0175595 0.974416
220 0.630807 -0.0850203 -2.08963 0.0067386 0.224873 0.0177692 0.974203
221 0.629701 -0.0855217 -2.08258 0.00721024 0.225798 0.0173075 0.973994
222 0.627825 -0.0854933 -2.0763 0.00739285 0.226661 0.0173552 0.973791
223 0.626699 -0.0858748 -2.06942 0.00648448 0.227015 0.0176996 0.973709
224 0.626543 -0.0869563 -2.06183 0.00545291 0.226384 0.0182647 0.973852
225 0.627321 -0.0884683 -2.0471 0.00481892 0.224374 0.0185126 0.974315
226 0.627465 -0.0899096 -2.03995 0.00505815 0.224115 0.0184442 0.974375
227 0.62583 -0.0908916 -2.03397 0.0052499 0.224477 0.0188565 0.974283
228 0.626004 -0.0919523 -2.02651 0.00485371 0.223922 0.0203738 0.974382
229 0.626508 -0.0927534 -2.01963 0.00536892 0.222867 0.0212888 0.974602
230 0.626087 -0.093745 -2.00716 0.00431765 0.222097 0.0205178 0.974799
231 0.626571 -0.0954757 -1.9991 0.00335113 0.221003 0.0198781 0.975065
232 0.627154 -0.0972764 -1.99091 0.00395366 0.219032 0.0187892 0.975529
233 0.626619 -0.0991273 -1.98357 0.00533245 0.217084 0.0177931 0.975976
234 0.626653 -0.0999985 -1.97616 0.00740725 0.214583 0.0168577 0.976532
235 0.627737 -0.100509 -1.9696 0.00946547 0.212151 0.0161421 0.977058
236 0.628301 -0.10235 -1.96213 0.0103427 0.210789 0.0147357 0.977366
237 0.628835 -0.103521 -1.95486 0.0111312 0.209794 0.0137789 0.977585
238 0.630099 -0.105122 -1.94762 0.0112746 0.208791 0.0124336 0.977816
239 0.629914 -0.105792 -1.94128 0.0114502 0.208798 0.0114844 0.977824
240 0.628718 -0.106853 -1.93484 0.010092 0.209172 0.0113914 0.97776
241 0.629552 -0.108425 -1.92671 0.00770505 0.208529 0.0125982 0.977905
242 0.631574 -0.110065 -1.91751 0.00605246 0.207272 0.0128725 0.97818
243 0.632518 -0.112546 -1.9094 0.00556775 0.206138 0.0128868 0.978422
244 0.632522 -0.113098 -1.90291 0.0058159 0.20505 0.0123999 0.978656
245 0.633666 -0.114969 -1.89502 0.00497052 0.203911 0.0123843 0.978898
246 0.63382 -0.116709 -1.88718 0.00513235 0.203149 0.0125345 0.979054
247 0.633794 -0.118751 -1.88038 0.00520275 0.202145 0.0132532 0.979252
248 0.634788 -0.119491 -1.87313 0.00531543 0.200965 0.0131798 0.979495
249 0.635182 -0.120742 -1.86585 0.00596976 0.200259 0.0129537 0.979639
250 0.634927 -0.121273 -1.85965 0.00712945 0.198907 0.0125252 0.979912
251 0.635322 -0.122374 -1.85309 0.007599 0.19701 0.0125095 0.980292
252 0.635537 -0.123565 -1.84667 0.00831581 0.195255 0.0122315 0.980641
253 0.635811 -0.124825 -1.84029 0.00901128 0.193277 0.0129453 0.981017
254 0.635436 -0.125997 -1.83403 0.00926792 0.191577 0.0127432 0.981351
255 0.634792 -0.126637 -1.82878 0.00889645 0.189864 0.0116 0.981702
256 0.634267 -0.127978 -1.82277 0.00731226 0.188141 0.0100415 0.982064
257 0.634502 -0.129319 -1.8162 0.00591424 0.186285 0.0088804 0.982438
258 0.634067 -0.13021 -1.81073 0.00525019 0.184886 0.00731406 0.982719
259 0.632533 -0.131322 -1.80562 0.00364928 0.183728 0.00602787 0.982952
260 0.631818 -0.132593 -1.79906 0.00179955 0.181956 0.00560427 0.983289
261 0.632453 -0.133564 -1.79274 0.000677414 0.17954 0.00565996 0.983734
262 0.632177 -0.134645 -1.78618 -7.53842e-05 0.177777 0.00568882 0.984054
263 0.631162 -0.135006 -1.7807 -7.98043e-05 0.175449 0.00502219 0.984476
264 0.630308 -0.135297 -1.77549 -0.000565157 0.173036 0.00460367 0.984905
265 0.630843 -0.136078 -1.76955 -0.00153788 0.170813 0.00441291 0.985292
266 0.630338 -0.137039 -1.76368 -0.00254907 0.169458 0.00389877 0.985527
267 0.629623 -0.13852 -1.75731 -0.00363762 0.168113 0.00329044 0.985755
268 0.628518 -0.139102 -1.75108 -0.00391858 0.166911 0.00248444 0.985961
269 0.627193 -0.140763 -1.74494 -0.00472985 0.166078 0.00187028 0.986099
270 0.625827 -0.142094 -1.73823 -0.00511021 0.16506 0.00139978 0.986269
271 0.623972 -0.143337 -1.73201 -0.00489943 0.164124 0.00140102 0.986427
272 0.621477 -0.143568 -1.726 -0.00426747 0.163617 0.00159874 0.986513
273 0.620491 -0.14495 -1.71899 -0.00398466 0.162737 0.00200335 0.986659
274 0.618786 -0.147291 -1.71258 -0.00332798 0.162321 0.00257478 0.986729
275 0.616342 -0.146713 -1.7074 -0.00265765 0.162498 0.00306011 0.986701
276 0.616106 -0.148134 -1.69991 -0.00274124 0.162612 0.00378334 0.986679
277 0.612671 -0.148856 -1.69408 -0.00161409 0.163742 0.00378809 0.986495
278 0.609495 -0.148958 -1.68798 -0.00159503 0.164143 0.00342276 0.986429
279 0.60784 -0.15062 -1.68082 -0.00223346 0.164364 0.00332869 0.986392
280 0.606435 -0.153131 -1.67455 -0.00293984 0.164432 0.00350999 0.986378
281 0.60413 -0.153803 -1.66885 -0.00290796 0.16516 0.00380612 0.986255
282 0.601995 -0.155895 -1.66258 -0.00408105 0.166042 0.00414803 0.986101
283 0.59864 -0.157648 -1.65536 -0.00452459 0.166828 0.00451032 0.985965
284 0.595475 -0.15804 -1.64949 -0.00398209 0.166845 0.00476566 0.985964
285 0.596339 -0.160171 -1.64239 -0.00398329 0.166046 0.00608989 0.986091
286 0.594625 -0.162382 -1.63649 -0.0013689 0.166767 0.00646472 0.985974
287 0.589881 -0.162944 -1.63215 0.000844422 0.168286 0.00664147 0.985715
288 0.586137 -0.161976 -1.62739 0.00177735 0.168738 0.00698378 0.985635
289 0.584262 -0.162597 -1.62146 0.00102883 0.168439 0.00662131 0.985689
290 0.582667 -0.164299 -1.61585 0.000529693 0.168083 0.00640909 0.985752
291 0.580633 -0.16468 -1.61071 0.000934368 0.167977 0.00622677 0.985771
292 0.57952 -0.166141 -1.60632 0.000419577 0.167446 0.00615036 0.985862
293 0.576856 -0.165683 -1.60202 0.000266497 0.1675 0.00526985 0.985858
294 0.576031 -0.166264 -1.59676 -0.00114323 0.166621 0.00420928 0.986011
295 0.574437 -0.166736 -1.59152 -0.00217049 0.165752 0.00229874 0.986162
296 0.571603 -0.166907 -1.58664 -0.00358501 0.165095 3.79095e-05 0.986271
297 0.569747 -0.166869 -1.58059 -0.00558654 0.163239 -0.00165056 0.986569
298 0.568602 -0.16677 -1.57495 -0.00708501 0.160745 -0.00260731 0.986967
299 0.567528 -0.166502 -1.56963 -0.00903229 0.158267 -0.00357668 0.987348
300 0.567002 -0.167062 -1.56301 -0.01151 0.155713 -0.00428682 0.987726
301 0.566667 -0.167333 -1.55701 -0.0128664 0.153113 -0.00471334 0.988114
302 0.565392 -0.166944 -1.55176 -0.0140854 0.150672 -0.00521136 0.98847
303 0.564746 -0.167615 -1.5451 -0.0162948 0.147873 -0.00571703 0.988856
304 0.564191 -0.168226 -1.53842 -0.0171366 0.145213 -0.00561346 0.989236
305 0.562495 -0.168927 -1.53226 -0.0179406 0.142332 -0.00572697 0.98964
306 0.56126 -0.170198 -1.52552 -0.0189573 0.138624 -0.00619233 0.990144
307 0.560704 -0.170769 -1.51868 -0.0191582 0.1348 -0.00717025 0.990662
308 0.559878 -0.17126 -1.51224 -0.0191297 0.13106 -0.00807494 0.991157
309 0.559273 -0.173151 -1.50524 -0.0192617 0.127607 -0.00961445 0.991591
310 0.558537 -0.174782 -1.49814 -0.0182948 0.12452 -0.0116448 0.99198
311 0.558002 -0.174123 -1.49271 -0.0165454 0.121297 -0.0131262 0.992391
312 0.557396 -0.174944 -1.48596 -0.0165028 0.117849 -0.0142195 0.992793
313 0.556421 -0.175786 -1.47952 -0.0158249 0.114641 -0.015151 0.993165
314 0.555676 -0.176486 -1.47377 -0.0161342 0.111477 -0.0157651 0.993511
315 0.556371 -0.176126 -1.46815 -0.0165502 0.108381 -0.0156023 0.993849
316 0.555986 -0.176907 -1.46198 -0.0180934 0.10655 -0.0153095 0.994025
317 0.555801 -0.177958 -1.45587 -0.0196983 0.105216 -0.0147185 0.994145
318 0.554185 -0.179789 -1.44884 -0.0206129 0.104176 -0.015246 0.994228
319 0.55271 -0.180601 -1.4426 -0.0200533 0.101814 -0.0163437 0.994467
320 0.551535 -0.182132 -1.43607 -0.0197322 0.0982702 -0.0180153 0.994801
321 0.55084 -0.183794 -1.4297 -0.0191069 0.0941393 -0.0194545 0.995186
322 0.550145 -0.184925 -1.42401 -0.0181369 0.089873 -0.021277 0.995561
323 0.549421 -0.185216 -1.41898 -0.0172243 0.0857076 -0.0229509 0.995907
324 0.549326 -0.185677 -1.41379 -0.0173475 0.0815497 -0.0247436 0.996211
325 0.548662 -0.186307 -1.40797 -0.0181289 0.0776672 -0.0264255 0.996464
326 0.546361 -0.18977 -1.39409 -0.0189696 0.0686899 -0.0306766 0.996986
327 0.545186 -0.190411 -1.38835 -0.0180656 0.0635166 -0.0328122 0.997278
328 0.543761 -0.191193 -1.38258 -0.01716 0.0584426 -0.0341957 0.997557
329 0.542967 -0.191483 -1.37722 -0.0162 0.0530123 -0.035256 0.99784
330 0.542482 -0.191554 -1.37219 -0.0153991 0.0474333 -0.0363328 0.998095
331 0.541787 -0.192575 -1.36652 -0.0152516 0.041839 -0.0369894 0.998323
332 0.541173 -0.193605 -1.361 -0.0148292 0.0363897 -0.0377642 0.998514
333 0.540819 -0.193796 -1.35645 -0.0139749 0.0310723 -0.0388468 0.998664
334 0.539374 -0.195848 -1.35013 -0.0141525 0.0258121 -0.040407 0.99875
335 0.53785 -0.196589 -1.34552 -0.0125758 0.0205829 -0.0421115 0.998822
336 0.536807 -0.196309 -1.34161 -0.0111758 0.015366 -0.0441656 0.998844
337 0.534483 -0.196601 -1.33753 -0.0111028 0.0106903 -0.0465641 0.998796
338 0.533189 -0.197922 -1.33201 -0.0117667 0.00593856 -0.0487244 0.998725
339 0.530175 -0.198284 -1.32783 -0.0117517 0.00199139 -0.0509134 0.998632
340 0.527691 -0.199166 -1.32257 -0.0123683 -0.0022521 -0.052772 0.998527
341 0.525236 -0.200787 -1.31674 -0.012684 -0.00664345 -0.0543504 0.998419
342 0.522332 -0.203239 -1.31068 -0.0122152 -0.0112895 -0.0562033 0.998281
343 0.519649 -0.204661 -1.30628 -0.0104292 -0.0165389 -0.0575467 0.998151
344 0.518545 -0.204123 -1.30266 -0.00816595 -0.0218494 -0.0587491 0.998
345 0.516783 -0.204474 -1.29964 -0.00756252 -0.0256642 -0.0599089 0.997845
346 0.514179 -0.204186 -1.29547 -0.00807333 -0.0292059 -0.0615055 0.997647
347 0.511065 -0.204687 -1.29068 -0.00903223 -0.0326868 -0.0633614 0.997414
348 0.50691 -0.20515 -1.28545 -0.00970911 -0.0360447 -0.0650454 0.997184
349 0.502926 -0.206141 -1.28002 -0.00941687 -0.0396711 -0.0667946 0.996933
350 0.499262 -0.207344 -1.27539 -0.00846553 -0.0430833 -0.0681352 0.996709
351 0.49552 -0.207195 -1.27257 -0.00687229 -0.0466343 -0.0692565 0.996485
352 0.492586 -0.206607 -1.26852 -0.00632195 -0.0511889 -0.0701143 0.996205
353 0.488511 -0.208239 -1.26205 -0.00641256 -0.0555191 -0.0712408 0.995892
354 0.484508 -0.208881 -1.2583 -0.00476405 -0.0593463 -0.0718335 0.995638
355 0.480325 -0.208953 -1.25497 -0.00353394 -0.0633622 -0.0725833 0.995341
356 0.475261 -0.209875 -1.25039 -0.00313885 -0.0667994 -0.0733556 0.995061
357 0.471588 -0.209987 -1.2464 -0.00274484 -0.0698718 -0.0730921 0.994871
358 0.465604 -0.21239 -1.24123 -0.00353531 -0.0712774 -0.0733456 0.99475
359 0.454918 -0.214636 -1.23292 -0.00249634 -0.0753596 -0.0744903 0.994367
360 0.448274 -0.217949 -1.22694 -0.00239899 -0.0777868 -0.0748648 0.994152
361 0.43694 -0.217574 -1.22238 0.00323106 -0.0823782 -0.0750341 0.993767
362 0.433077 -0.216805 -1.21954 0.00367711 -0.084539 -0.075318 0.993563
363 0.427983 -0.217158 -1.21538 0.00286734 -0.0856622 -0.0752786 0.993472
364 0.42244 -0.21726 -1.21183 0.00268457 -0.087094 -0.075272 0.993349
365 0.411323 -0.221436 -1.20187 0.00115119 -0.090005 -0.0751543 0.993101
366 0.404771 -0.224288 -1.19829 0.00214629 -0.0920065 -0.0754741 0.992892
367 0.398718 -0.224721 -1.1955 0.00512314 -0.0946297 -0.0754497 0.992636
368 0.392977 -0.223353 -1.19438 0.00868395 -0.0969539 -0.0752735 0.9924
369 0.387605 -0.222415 -1.19315 0.00959515 -0.098791 -0.0750139 0.99223
370 0.381322 -0.223919 -1.18858 0.00838031 -0.100635 -0.0754665 0.992022
371 0.375429 -0.225141 -1.18498 0.00844605 -0.102385 -0.0762385 0.991783
372 0.368817 -0.226084 -1.18183 0.00900633 -0.103754 -0.0770953 0.99157
373 0.361275 -0.227027 -1.17957 0.00972706 -0.105225 -0.0783977 0.991306
374 0.354294 -0.226711 -1.17853 0.0104559 -0.106652 -0.0791657 0.991085
375 0.34815 -0.226394 -1.17477 0.0103058 -0.108883 -0.0791256 0.990847
376 0.334106 -0.227049 -1.16954 0.0096358 -0.113895 -0.0782651 0.990358
377 0.327993 -0.227332 -1.16661 0.00958329 -0.117163 -0.0778935 0.990007
378 0.322901 -0.227034 -1.16432 0.00960427 -0.120364 -0.0777404 0.989635
379 0.317858 -0.226186 -1.16158 0.00938381 -0.123336 -0.0783657 0.989221
380 0.312355 -0.227159 -1.15729 0.00888595 -0.126762 -0.0798723 0.988672
381 0.305454 -0.227051 -1.15643 0.0097255 -0.129309 -0.0813949 0.98821
382 0.299653 -0.227044 -1.15429 0.00917653 -0.133361 -0.0829791 0.987545
383 0.293799 -0.227946 -1.15036 0.00854176 -0.137949 -0.0845826 0.986784
384 0.288397 -0.228059 -1.1481 0.00928789 -0.142286 -0.0854458 0.986087
385 0.283395 -0.228201 -1.14567 0.00944342 -0.14639 -0.0860054 0.985436
386 0.278993 -0.228803 -1.14268 0.00939314 -0.150649 -0.0871491 0.984694
387 0.2746 -0.229386 -1.13982 0.0092402 -0.154949 -0.0882227 0.983932
388 0.269178 -0.230318 -1.13679 0.00881192 -0.158775 -0.089295 0.983229
389 0.263706 -0.2306 -1.13431 0.00915375 -0.163132 -0.0906878 0.982385
390 0.259043 -0.230873 -1.1316 0.00907002 -0.16796 -0.0911527 0.981529
391 0.25437 -0.231455 -1.12788 0.0090747 -0.172939 -0.0923826 0.980548
392 0.249688 -0.231287 -1.12554 0.00971725 -0.177311 -0.0924793 0.979752
393 0.245153 -0.231439 -1.12289 0.00907414 -0.18202 -0.092851 0.978859
394 0.240595 -0.231951 -1.1183 0.0082699 -0.187128 -0.0935283 0.977838
395 0.235625 -0.233134 -1.11447 0.00836141 -0.191748 -0.0939789 0.976899
396 0.231392 -0.232665 -1.11243 0.00939086 -0.19544 -0.0942938 0.976127
397 0.227757 -0.233037 -1.10723 0.00914782 -0.199956 -0.0946181 0.975183
398 0.222252 -0.23426 -1.10456 0.00958378 -0.203095 -0.0956082 0.974433
399 0.218605 -0.233482 -1.1019 0.0104612 -0.207404 -0.0960089 0.973477
400 0.214556 -0.232944 -1.0987 0.00999162 -0.211142 -0.0964432 0.972634
401 0.210501 -0.233336 -1.09379 0.00877011 -0.214914 -0.0972585 0.971739
402 0.206247 -0.233769 -1.0894 0.00841528 -0.218247 -0.0976649 0.970958
403 0.201473 -0.233581 -1.08619 0.00866265 -0.221548 -0.0978173 0.970192
404 0.197673 -0.233122 -1.08313 0.00826315 -0.225061 -0.0982106 0.969347
405 0.193263 -0.233945 -1.07709 0.00702219 -0.229436 -0.0996443 0.968184
406 0.188055 -0.235427 -1.07316 0.00713098 -0.232805 -0.100757 0.967264
407 0.184233 -0.235929 -1.06978 0.00779562 -0.236621 -0.101968 0.966205
408 0.1794 -0.236681 -1.06492 0.00825457 -0.240262 -0.103203 0.965171
409 0.175753 -0.237033 -1.06203 0.009226 -0.243408 -0.103701 0.96432
410 0.171635 -0.237265 -1.05967 0.00892535 -0.245582 -0.104152 0.963723
411 0.167571 -0.237317 -1.05579 0.00753767 -0.249078 -0.104704 0.962777
412 0.163179 -0.2384 -1.05067 0.00628743 -0.252953 -0.106229 0.961608
413 0.158576 -0.239601 -1.04683 0.00594993 -0.256458 -0.107617 0.960527
414 0.154012 -0.241274 -1.04201 0.00592084 -0.26077 -0.109294 0.959176
415 0.149996 -0.242215 -1.03906 0.00681665 -0.26458 -0.11027 0.958014
416 0.146453 -0.242667 -1.03622 0.0070849 -0.268292 -0.111276 0.956863
417 0.138526 -0.243821 -1.02949 0.00480261 -0.276272 -0.11222 0.954493
418 0.134113 -0.244924 -1.02473 0.00351425 -0.281875 -0.113047 0.952762
419 0.129879 -0.246195 -1.02031 0.00313125 -0.287593 -0.113824 0.95096
420 0.126116 -0.246737 -1.01639 0.00373903 -0.293582 -0.114403 0.949056
421 0.122449 -0.246949 -1.01273 0.00409584 -0.299478 -0.115394 0.947091
422 0.119035 -0.247051 -1.00878 0.00434935 -0.304915 -0.117012 0.945154
423 0.110627 -0.248715 -1.00161 0.00573719 -0.314336 -0.120811 0.941576
424 0.107279 -0.249406 -0.998844 0.00642225 -0.319654 -0.122134 0.939608
425 0.103166 -0.250609 -0.995038 0.00686894 -0.325327 -0.123997 0.937411
426 0.0991442 -0.25193 -0.991652 0.0081964 -0.330964 -0.125397 0.935239
427 0.0954521 -0.253402 -0.988605 0.00990739 -0.33673 -0.126543 0.933007
428 0.0917065 -0.253694 -0.986718 0.0115887 -0.342287 -0.127252 0.930866
429 0.0880752 -0.253935 -0.983962 0.0122558 -0.348389 -0.127572 0.928547
430 0.0845785 -0.253696 -0.981055 0.0130851 -0.354218 -0.127983 0.926271
431 0.0806766 -0.254048 -0.977628 0.0132252 -0.359838 -0.127916 0.92411
432 0.0777493 -0.254981 -0.974721 0.0139764 -0.365185 -0.127789 0.922017
433 0.0737567 -0.255782 -0.972815 0.0141879 -0.369451 -0.128184 0.920257
434 0.0699263 -0.254794 -0.971498 0.014869 -0.374082 -0.127934 0.918409
435 0.0662189 -0.254616 -0.969281 0.0144948 -0.379021 -0.128571 0.916298
436 0.0617113 -0.255417 -0.966895 0.0138262 -0.383601 -0.128651 0.914389
437 0.0579953 -0.254439 -0.965018 0.0148469 -0.388349 -0.128159 0.912436
438 0.0543895 -0.25434 -0.963121 0.0143159 -0.393057 -0.128177 0.910424
439 0.0506148 -0.254112 -0.961444 0.0139019 -0.397382 -0.128399 0.90852
440 0.0464816 -0.253864 -0.960198 0.0133959 -0.401495 -0.128559 0.906694
441 0.0427623 -0.252914 -0.959141 0.0132164 -0.405703 -0.128804 0.904787
442 0.0386763 -0.253587 -0.957585 0.0115432 -0.409643 -0.129223 0.902973
443 0.0347905 -0.253179 -0.955698 0.0110339 -0.413748 -0.129075 0.901127
444 0.03125 -0.25298 -0.954382 0.0104613 -0.417282 -0.129176 0.899489
445 0.0272708 -0.252342 -0.953095 0.00949723 -0.420643 -0.129801 0.897842
446 0.0231881 -0.252033 -0.950549 0.00857422 -0.424519 -0.130188 0.895969
447 0.0184999 -0.251946 -0.949063 0.00853465 -0.428086 -0.130509 0.894224
448 0.0146279 -0.251257 -0.948146 0.00930728 -0.431664 -0.129912 0.892582
449 0.0108972 -0.250258 -0.946919 0.00961028 -0.434944 -0.129121 0.8911
450 0.00149012 -0.249242 -0.943867 0.00785858 -0.441369 -0.1289 0.887984
451 -0.00265837 -0.248994 -0.941971 0.0067793 -0.445053 -0.128593 0.886198
452 -0.00714207 -0.247906 -0.940285 0.00633942 -0.447914 -0.128961 0.884704
453 -0.0123091 -0.247888 -0.937769 0.00497232 -0.450837 -0.129573 0.883137
454 -0.0171175 -0.24791 -0.935294 0.00500956 -0.453876 -0.12936 0.881611
455 -0.0210381 -0.246952 -0.934067 0.00589528 -0.45659 -0.129019 0.880253
456 -0.0258589 -0.246683 -0.932091 0.00559343 -0.459534 -0.128059 0.878862
457 -0.030848 -0.246625 -0.930686 0.0047724 -0.462719 -0.126371 0.877439
458 -0.0353312 -0.245787 -0.92954 0.00445289 -0.465944 -0.125065 0.875919
459 -0.0394449 -0.244939 -0.928243 0.00338145 -0.468586 -0.124241 0.874631
460 -0.0443721 -0.243941 -0.926317 0.0017868 -0.470884 -0.123821 0.873461
461 -0.0493155 -0.243424 -0.924032 0.000817171 -0.473759 -0.123254 0.871987
462 -0.0532312 -0.243385 -0.923485 -0.000632867 -0.476025 -0.122325 0.870882
463 -0.0579433 -0.242367 -0.922909 -0.00197348 -0.478219 -0.122463 0.869658
464 -0.0626936 -0.241509 -0.920723 -0.00342335 -0.481552 -0.122644 0.867787
465 -0.0670557 -0.240591 -0.918697 -0.00424922 -0.484366 -0.122386 0.866252
466 -0.0713024 -0.240823 -0.917741 -0.00577004 -0.486876 -0.122601 0.864805
467 -0.0748944 -0.240194 -0.917814 -0.00683654 -0.488859 -0.123164 0.863597
468 -0.0794191 -0.240016 -0.916188 -0.0095047 -0.491234 -0.122838 0.86227
469 -0.083539 -0.239218 -0.915602 -0.0107022 -0.493339 -0.122393 0.861117
470 -0.0932813 -0.236032 -0.91444 -0.0170798 -0.499383 -0.122361 0.857527
471 -0.0967155 -0.235173 -0.913343 -0.0185522 -0.501765 -0.122402 0.856099
472 -0.0982132 -0.233814 -0.914064 -0.0186958 -0.503696 -0.123084 0.854863
473 -0.0998659 -0.232535 -0.913795 -0.0209645 -0.505387 -0.123799 0.853708
474 -0.102459 -0.231846 -0.912637 -0.0242227 -0.507277 -0.124165 0.852447
475 -0.106237 -0.229958 -0.91224 -0.027884 -0.510877 -0.12565 0.849964
476 -0.107943 -0.228398 -0.912501 -0.0305828 -0.512628 -0.127137 0.848595
477 -0.112673 -0.2267 -0.908176 -0.0342426 -0.518543 -0.127871 0.844743
478 -0.113268 -0.226711 -0.907736 -0.0346644 -0.521331 -0.128497 0.842912
479 -0.113576 -0.226291 -0.908096 -0.0361892 -0.523615 -0.129789 0.841233
480 -0.11493 -0.225801 -0.907087 -0.0379359 -0.526431 -0.131424 0.839142
481 -0.115679 -0.226012 -0.906658 -0.0395331 -0.529121 -0.133221 0.83709
482 -0.116601 -0.225232 -0.905549 -0.0409316 -0.531829 -0.134907 0.835034
483 -0.116712 -0.224943 -0.904729 -0.0416703 -0.53559 -0.136204 0.832379
484 -0.11692 -0.224933 -0.904429 -0.0435312 -0.539163 -0.138526 0.82959
485 -0.118114 -0.224874 -0.9022 -0.0459508 -0.543294 -0.139822 0.826541
486 -0.118271 -0.224914 -0.90048 -0.0472396 -0.547963 -0.141082 0.823165
487 -0.118868 -0.224255 -0.898491 -0.047827 -0.552537 -0.142804 0.81977
488 -0.120946 -0.224566 -0.894602 -0.0483388 -0.557234 -0.143953 0.816353
489 -0.120677 -0.225116 -0.893602 -0.047774 -0.561098 -0.145092 0.813532
490 -0.12103 -0.225436 -0.891203 -0.0479966 -0.565064 -0.146711 0.810478
491 -0.120947 -0.225606 -0.888993 -0.0482118 -0.568801 -0.147702 0.807666
492 -0.119956 -0.226635 -0.888662 -0.0495165 -0.572182 -0.149188 0.804922
493 -0.12122 -0.226567 -0.885143 -0.0510845 -0.576398 -0.15159 0.801359
494 -0.122226 -0.226548 -0.881084 -0.0508148 -0.580807 -0.153476 0.797826
495 -0.122874 -0.227209 -0.877985 -0.0495337 -0.584924 -0.155255 0.794547
496 -0.1226 -0.228209 -0.876905 -0.0479632 -0.588387 -0.157002 0.791739
497 -0.122509 -0.22866 -0.874965 -0.0475675 -0.592143 -0.158393 0.78868
498 -0.123026 -0.22839 -0.871785 -0.0469408 -0.596677 -0.15869 0.785233
499 -0.123199 -0.229071 -0.869705 -0.046875 -0.600998 -0.15849 0.781975
500 -0.123394 -0.229382 -0.867835 -0.0466559 -0.605851 -0.158736 0.778185
501 -0.123909 -0.229622 -0.865436 -0.0467698 -0.610957 -0.159309 0.774058
502 -0.12528 -0.230162 -0.863047 -0.0469796 -0.616075 -0.159838 0.769868
503 -0.126112 -0.230253 -0.860738 -0.0462642 -0.621636 -0.159724 0.765452
504 -0.127163 -0.230765 -0.858979 -0.0455913 -0.627135 -0.159941 0.760948
505 -0.127613 -0.230885 -0.857319 -0.0447083 -0.632507 -0.160426 0.756438
506 -0.128665 -0.230606 -0.85534 -0.0437998 -0.637745 -0.160642 0.752035
507 -0.130603 -0.230247 -0.852871 -0.0422629 -0.643107 -0.160312 0.747614
508 -0.131206 -0.229957 -0.850852 -0.0396693 -0.648335 -0.15999 0.743298
509 -0.131478 -0.230507 -0.850982 -0.0378277 -0.652386 -0.161556 0.7395
510 -0.132915 -0.230348 -0.849603 -0.0366885 -0.656616 -0.163184 0.735445
511 -0.134901 -0.230739 -0.848095 -0.0353638 -0.660818 -0.16442 0.731461
512 -0.135454 -0.231019 -0.848296 -0.0339408 -0.664319 -0.166002 0.727992
513 -0.137157 -0.23113 -0.846927 -0.0337021 -0.668165 -0.166969 0.724252
514 -0.138361 -0.230961 -0.846578 -0.0336836 -0.671783 -0.167243 0.720835
515 -0.139843 -0.230832 -0.846709 -0.0337123 -0.675258 -0.167319 0.717562
516 -0.14102 -0.230442 -0.84738 -0.0340429 -0.678646 -0.167181 0.714374
517 -0.142508 -0.229852 -0.847382 -0.0346587 -0.682137 -0.167247 0.710997
518 -0.145072 -0.229644 -0.846694 -0.0356249 -0.68579 -0.167178 0.707442
519 -0.146734 -0.228435 -0.846375 -0.0356425 -0.689307 -0.16652 0.704171
520 -0.148641 -0.227985 -0.847027 -0.0351143 -0.692598 -0.166487 0.700969
521 -0.151038 -0.227156 -0.846939 -0.0336954 -0.696247 -0.165935 0.697546
522 -0.151722 -0.227696 -0.850499 -0.0320631 -0.698505 -0.16725 0.695047
523 -0.153203 -0.226736 -0.85111 -0.030975 -0.701061 -0.169163 0.692054
524 -0.155702 -0.225177 -0.850913 -0.0302834 -0.703727 -0.169261 0.689348
525 -0.15793 -0.225498 -0.852964 -0.0291155 -0.706306 -0.169517 0.686694
526 -0.160056 -0.225498 -0.855666 -0.0283999 -0.708688 -0.170543 0.684011
527 -0.16341 -0.2241 -0.855579 -0.0273129 -0.71203 -0.170775 0.680517
528 -0.166625 -0.223451 -0.856802 -0.0256758 -0.71501 -0.170489 0.677521
529 -0.168653 -0.223951 -0.859774 -0.0243364 -0.717013 -0.170845 0.675361
530 -0.171163 -0.223282 -0.861686 -0.023951 -0.719029 -0.171203 0.673137
531 -0.174513 -0.222993 -0.862919 -0.02353 -0.72151 -0.172049 0.670276
532 -0.177293 -0.222614 -0.864521 -0.0229529 -0.723721 -0.172732 0.667731
533 -0.180304 -0.220994 -0.865584 -0.021907 -0.726058 -0.173218 0.665098
534 -0.184245 -0.220096 -0.865697 -0.0209636 -0.729076 -0.172873 0.661909
535 -0.187164 -0.219887 -0.86769 -0.0198012 -0.731311 -0.172348 0.659612
536 -0.190243 -0.220238 -0.870723 -0.0189805 -0.732992 -0.172458 0.657739
537 -0.193683 -0.220548 -0.873156 -0.0187782 -0.734734 -0.172273 0.655847
538 -0.196845 -0.219719 -0.874578 -0.0185567 -0.736775 -0.171952 0.653644
539 -0.200568 -0.219501 -0.876032 -0.0182928 -0.739298 -0.171929 0.650803
540 -0.204272 -0.218772 -0.877055 -0.017789 -0.742467 -0.171056 0.647431
541 -0.207504 -0.216773 -0.877847 -0.0162494 -0.746119 -0.169011 0.643799
542 -0.210778 -0.215344 -0.87995 -0.0140624 -0.74948 -0.167145 0.640425
543 -0.216389 -0.213186 -0.886625 -0.00807442 -0.754332 -0.162897 0.635911
544 -0.21977 -0.214736 -0.890718 -0.00660712 -0.755603 -0.162282 0.634574
545 -0.22289 -0.214216 -0.89402 -0.00510685 -0.756713 -0.161691 0.633416
546 -0.22612 -0.212637 -0.896943 -0.00282845 -0.75818 -0.159917 0.632125
547 -0.230093 -0.215698 -0.901177 -0.00203479 -0.759291 -0.160042 0.630761
548 -0.233766 -0.217619 -0.904851 -0.00155644 -0.760623 -0.161408 0.628807
549 -0.236293 -0.21269 -0.906882 0.00123596 -0.762537 -0.159618 0.626944
550 -0.239264 -0.211801 -0.911085 0.00387097 -0.763915 -0.158017 0.62566
551 -0.243064 -0.216022 -0.916539 0.00433686 -0.764925 -0.158835 0.624213
552 -0.24598 -0.216752 -0.920151 0.00444206 -0.766157 -0.159272 0.622588
553 -0.249053 -0.215283 -0.923154 0.00522103 -0.767877 -0.159048 0.620517
554 -0.251823 -0.215843 -0.927506 0.00635874 -0.769237 -0.159193 0.618783
555 -0.254376 -0.214773 -0.930888 0.00782084 -0.770836 -0.158897 0.616849
556 -0.25753 -0.216324 -0.935411 0.00918547 -0.772322 -0.159892 0.614711
557 -0.260023 -0.215605 -0.939403 0.0107117 -0.773911 -0.159847 0.612696
558 -0.26246 -0.214595 -0.943535 0.0122909 -0.775517 -0.159592 0.610698
559 -0.264645 -0.213945 -0.949067 0.014168 -0.777241 -0.159405 0.608511
560 -0.267034 -0.213695 -0.953719 0.0145499 -0.779095 -0.159305 0.606153
561 -0.269756 -0.210756 -0.955991 0.0156872 -0.781813 -0.158214 0.602903
562 -0.27195 -0.209447 -0.960053 0.0168921 -0.783806 -0.157138 0.600558
563 -0.274284 -0.210157 -0.964865 0.0179057 -0.785653 -0.157582 0.597994
564 -0.27975 -0.211928 -0.9748 0.018605 -0.789388 -0.15991 0.592409
565 -0.282435 -0.209618 -0.979112 0.0185624 -0.791566 -0.159594 0.589583
566 -0.284939 -0.209088 -0.983744 0.0193053 -0.793586 -0.160273 0.586652
567 -0.287474 -0.210369 -0.988967 0.0192408 -0.795529 -0.161365 0.583716
568 -0.290175 -0.210308 -0.994089 0.0196097 -0.797727 -0.162067 0.580502
569 -0.292654 -0.207849 -0.997531 0.0197531 -0.800248 -0.161023 0.577308
570 -0.294481 -0.205269 -1.00211 0.0195992 -0.80215 -0.160033 0.574944
571 -0.296824 -0.208679 -1.00779 0.0184786 -0.803768 -0.16185 0.572206
572 -0.299932 -0.208089 -1.01182 0.0170056 -0.80585 -0.16315 0.568945
573 -0.303405 -0.20749 -1.01666 0.0170613 -0.808239 -0.164197 0.565241
574 -0.305501 -0.206501 -1.02211 0.0174727 -0.810414 -0.164427 0.562039
575 -0.308179 -0.203261 -1.02607 0.0177706 -0.813092 -0.163462 0.558432
576 -0.311244 -0.201462 -1.0311 0.0193762 -0.815413 -0.1628 0.555177
577 -0.312937 -0.201952 -1.03629 0.0204672 -0.817056 -0.162161 0.552905
578 -0.314119 -0.201111 -1.04212 0.0195842 -0.81846 -0.161212 0.551136
579 -0.31524 -0.200871 -1.04707 0.0182484 -0.82049 -0.161341 0.548117
580 -0.319083 -0.200742 -1.05153 0.0166901 -0.823087 -0.163493 0.543617
581 -0.324387 -0.197393 -1.05586 0.0178665 -0.826212 -0.164152 0.538617
582 -0.326218 -0.197312 -1.06062 0.0188787 -0.828615 -0.164748 0.534695
583 -0.328897 -0.197013 -1.06531 0.0186338 -0.830902 -0.166325 0.530652
584 -0.333622 -0.195484 -1.07018 0.0180151 -0.833603 -0.167176 0.52615
585 -0.336129 -0.194365 -1.07433 0.0171586 -0.836211 -0.167471 0.521929
586 -0.339633 -0.194206 -1.07866 0.0162926 -0.838814 -0.16893 0.51729
587 -0.34469 -0.192898 -1.08335 0.0158048 -0.84149 -0.170329 0.512477
588 -0.349302 -0.190968 -1.08841 0.0162059 -0.843781 -0.171205 0.50839
589 -0.353647 -0.189599 -1.0935 0.0167399 -0.845708 -0.172056 0.50487
590 -0.35822 -0.18829 -1.09837 0.0170997 -0.847686 -0.172324 0.501438
591 -0.362723 -0.18804 -1.10378 -0.0169536 0.849694 0.17258 -0.497945
592 -0.36709 -0.188101 -1.10904 -0.0163912 0.851964 0.173171 -0.493863
593 -0.372431 -0.186342 -1.11408 -0.0176414 0.85493 0.173496 -0.488552
594 -0.378564 -0.183973 -1.11946 -0.019902 0.857811 0.173054 -0.483546
595 -0.383861 -0.182325 -1.12486 -0.0229853 0.860203 0.172047 -0.479501
596 -0.386646 -0.182655 -1.13033 -0.0242768 0.861595 0.171789 -0.477025
597 -0.392677 -0.182216 -1.13591 -0.0247335 0.863711 0.172426 -0.472927
598 -0.398704 -0.181907 -1.14198 -0.0245624 0.86625 0.172565 -0.468218
599 -0.403064 -0.180948 -1.14747 -0.0237634 0.868701 0.172321 -0.463787
600 -0.408468 -0.180099 -1.15313 -0.022843 0.871176 0.172621 -0.459057
601 -0.42008 -0.178722 -1.1649 -0.021603 0.875927 0.172589 -0.449999
602 -0.426627 -0.178014 -1.17041 -0.021269 0.87831 0.173599 -0.444952
603 -0.435 -0.176447 -1.17657 -0.0224346 0.8814 0.173481 -0.438789
604 -0.439623 -0.176328 -1.18239 -0.0239348 0.884273 0.172551 -0.43326
605 -0.443536 -0.176168 -1.18836 -0.025107 0.88651 0.172499 -0.428619
606 -0.448424 -0.175289 -1.19436 -0.026011 0.888378 0.172869 -0.424529
607 -0.454106 -0.174371 -1.20071 -0.026663 0.890199 0.173139 -0.420546
608 -0.459869 -0.174132 -1.20647 -0.0270383 0.892278 0.173172 -0.416077
609 -0.46352 -0.173642 -1.21226 -0.0276138 0.894325 0.172852 -0.411756
610 -0.467023 -0.173093 -1.21824 -0.0276586 0.896177 0.173482 -0.407437
611 -0.471746 -0.172064 -1.22427 -0.0274878 0.898026 0.174436 -0.402946
612 -0.476782 -0.171555 -1.23058 -0.0267568 0.899842 0.175353 -0.398523
613 -0.481604 -0.170926 -1.23611 -0.0268438 0.902036 0.175959 -0.393254
614 -0.485669 -0.170497 -1.24227 -0.0269343 0.90393 0.176704 -0.388537
615 -0.490914 -0.169847 -1.24884 -0.0262497 0.905757 0.177088 -0.384129
616 -0.495926 -0.169528 -1.25523 -0.0263229 0.907599 0.176722 -0.379922
617 -0.499026 -0.169429 -1.26138 -0.0268339 0.909179 0.176181 -0.376342
618 -0.501475 -0.169439 -1.26667 -0.0260691 0.910631 0.176301 -0.372814
619 -0.510208 -0.16845 -1.28009 -0.0246342 0.914083 0.177209 -0.363927
620 -0.513468 -0.16756 -1.28595 -0.024342 0.915735 0.177696 -0.359528
621 -0.518297 -0.166051 -1.29286 -0.0243066 0.917338 0.177876 -0.355331
622 -0.52204 -0.165261 -1.29925 -0.0248596 0.918641 0.178065 -0.351814
623 -0.525893 -0.164402 -1.30574 -0.0254454 0.919675 0.178391 -0.348894
624 -0.529728 -0.163632 -1.31298 -0.0253109 0.920564 0.178652 -0.346418
625 -0.534503 -0.163103 -1.32032 -0.0256814 0.921568 0.178867 -0.343597
626 -0.537973 -0.162334 -1.32716 -0.0264954 0.922494 0.178154 -0.341416
627 -0.541596 -0.161134 -1.33395 -0.0269451 0.923334 0.177418 -0.339485
628 -0.546235 -0.160835 -1.34245 -0.0273301 0.923988 0.17695 -0.337916
629 -0.549084 -0.160215 -1.34919 -0.0274712 0.924614 0.175454 -0.336971
630 -0.551173 -0.159515 -1.35593 -0.0276264 0.924802 0.175206 -0.336571
631 -0.555732 -0.158496 -1.36453 -0.0265429 0.925047 0.175014 -0.336084
632 -0.559869 -0.157396 -1.3726 -0.0267686 0.925427 0.173932 -0.335583
633 -0.561775 -0.156516 -1.37931 -0.0273603 0.925478 0.173063 -0.335844
634 -0.562222 -0.156015 -1.38494 -0.0277618 0.925096 0.174236 -0.336256
635 -0.568313 -0.155007 -1.39441 -0.025763 0.924815 0.176877 -0.335809
636 -0.574285 -0.155008 -1.40403 -0.025177 0.925286 0.176464 -0.334772
637 -0.574311 -0.155037 -1.41037 -0.0251201 0.925805 0.174785 -0.334223
638 -0.577249 -0.154497 -1.41819 -0.0243938 0.926275 0.174303 -0.333223
639 -0.579979 -0.153707 -1.42652 -0.0241898 0.926718 0.173286 -0.332535
640 -0.581559 -0.153127 -1.43396 -0.0242406 0.927127 0.172718 -0.331688
641 -0.583692 -0.152087 -1.44199 -0.0247724 0.92746 0.172918 -0.33061
642 -0.585452 -0.151126 -1.44984 -0.0260277 0.927791 0.173447 -0.329307
643 -0.58786 -0.149756 -1.45744 -0.0264126 0.928279 0.174065 -0.32757
644 -0.591437 -0.149027 -1.46588 -0.0268086 0.928934 0.174457 -0.325464
645 -0.59335 -0.148326 -1.47405 -0.0274916 0.929654 0.174124 -0.323524
646 -0.595033 -0.148186 -1.48192 -0.0279363 0.930357 0.173704 -0.321688
647 -0.595402 -0.147085 -1.48811 -0.028256 0.93115 0.173429 -0.319507
648 -0.598338 -0.145875 -1.49623 -0.027618 0.931914 0.174342 -0.316826
649 -0.601198 -0.144445 -1.50454 -0.0280567 0.933115 0.174362 -0.31322
650 -0.602891 -0.142955 -1.51152 -0.0292374 0.934208 0.174538 -0.309737
651 -0.604408 -0.141745 -1.51919 -0.0298114 0.934955 0.175623 -0.306802
652 -0.607583 -0.139675 -1.52757 -0.0301812 0.936051 0.176389 -0.302961
653 -0.609838 -0.137744 -1.53508 -0.0310925 0.937202 0.176849 -0.299015
654 -0.612175 -0.135454 -1.54262 -0.0318823 0.938262 0.177337 -0.295294
655 -0.615131 -0.133754 -1.55035 -0.0317776 0.939125 0.17835 -0.291934
656 -0.618762 -0.131654 -1.55833 -0.032323 0.940018 0.178632 -0.28881
657 -0.62034 -0.129853 -1.56496 -0.0331365 0.940843 0.178574 -0.286055
658 -0.623203 -0.128534 -1.57285 -0.0331072 0.941604 0.179278 -0.283098
659 -0.625367 -0.126753 -1.58045 -0.0328972 0.942481 0.179203 -0.280239
660 -0.628067 -0.125383 -1.58836 -0.0323573 0.943185 0.180057 -0.277371
661 -0.6317 -0.124114 -1.59675 -0.0318446 0.943948 0.180773 -0.274354
662 -0.635182 -0.123324 -1.6058 -0.0313999 0.944782 0.18095 -0.271402
663 -0.638023 -0.121783 -1.61401 -0.0319603 0.945738 0.180271 -0.268442
664 -0.643715 -0.120443 -1.63089 -0.0316172 0.947053 0.182337 -0.262382
665 -0.647095 -0.120392 -1.64039 -0.0319329 0.947919 0.182415 -0.259141
666 -0.649371 -0.119952 -1.64856 -0.0314613 0.948793 0.181877 -0.256365
667 -0.653069 -0.119352 -1.65787 -0.030756 0.949692 0.181186 -0.253594
668 -0.655235 -0.119182 -1.66623 -0.0299284 0.950631 0.179732 -0.2512
669 -0.657257 -0.119621 -1.67481 -0.028382 0.951391 0.17952 -0.24864
670 -0.661053 -0.118371 -1.68385 -0.0272299 0.952473 0.179039 -0.244947
671 -0.664451 -0.116881 -1.69257 -0.0275162 0.953594 0.178319 -0.241046
672 -0.667009 -0.115491 -1.70139 -0.0291529 0.954474 0.177879 -0.237673
673 -0.66765 -0.114399 -1.70932 -0.0302973 0.955146 0.178004 -0.234717
674 -0.668763 -0.112879 -1.71772 -0.030984 0.955902 0.179153 -0.230643
675 -0.671314 -0.111948 -1.72691 -0.0310562 0.95684 0.180535 -0.22561
676 -0.67386 -0.111199 -1.73562 -0.0318118 0.957938 0.181185 -0.220261
677 -0.675974 -0.110849 -1.74315 -0.0324493 0.959018 0.181474 -0.215174
678 -0.677969 -0.109928 -1.75089 -0.0341613 0.960009 0.181818 -0.210137
679 -0.679933 -0.109468 -1.75755 -0.0352655 0.960813 0.182439 -0.205696
680 -0.681923 -0.109008 -1.76484 -0.0356927 0.961384 0.183592 -0.201895
681 -0.684507 -0.108817 -1.77277 -0.0350615 0.961872 0.184585 -0.198752
682 -0.688003 -0.108508 -1.78101 -0.034613 0.962545 0.184581 -0.195547
683 -0.688549 -0.107167 -1.78738 -0.0365345 0.963143 0.183944 -0.192833
684 -0.688807 -0.106746 -1.79404 -0.0368891 0.963273 0.185495 -0.190618
685 -0.692664 -0.106137 -1.80304 -0.0366827 0.963569 0.187382 -0.18729
686 -0.69524 -0.104797 -1.81079 -0.0380312 0.964156 0.18719 -0.184164
687 -0.696795 -0.104717 -1.81736 -0.0388275 0.964487 0.187877 -0.181546
688 -0.70029 -0.104116 -1.8264 -0.0391025 0.964873 0.188467 -0.178807
689 -0.70076 -0.103775 -1.83356 -0.0398541 0.965396 0.187675 -0.176633
690 -0.702042 -0.102885 -1.84087 -0.0395195 0.965774 0.187866 -0.174431
691 -0.70371 -0.101184 -1.84923 -0.0389003 0.966108 0.18788 -0.172693
692 -0.705128 -0.100443 -1.85735 -0.0376955 0.966499 0.187239 -0.171464
693 -0.70635 -0.0989122 -1.86543 -0.0371572 0.966873 0.186311 -0.170481
694 -0.707892 -0.0966721 -1.87362 -0.0366048 0.967153 0.185186 -0.170238
695 -0.709371 -0.0953412 -1.882 -0.0362235 0.967285 0.184461 -0.170357
696 -0.712138 -0.0903294 -1.89941 -0.0375257 0.967665 0.183109 -0.169372
697 -0.712173 -0.0881484 -1.90648 -0.0385398 0.967451 0.18406 -0.169335
698 -0.714001 -0.0891473 -1.91623 -0.0377623 0.966963 0.186593 -0.169525
699 -0.714507 -0.0895159 -1.92614 -0.0369514 0.966938 0.186285 -0.170185
700 -0.713293 -0.0886347 -1.93407 -0.0363484 0.967231 0.184593 -0.170497
701 -0.71329 -0.0888238 -1.94269 -0.0345137 0.967357 0.184383 -0.170387
702 -0.71538 -0.0872934 -1.95268 -0.0335452 0.967668 0.183489 -0.169782
703 -0.714885 -0.0848114 -1.96109 -0.0330206 0.96806 0.181451 -0.169838
704 -0.715039 -0.0819402 -1.97032 -0.0335423 0.968276 0.180929 -0.16906
705 -0.715349 -0.0793588 -1.9793 -0.0347254 0.968364 0.181511 -0.167687
706 -0.715389 -0.0793076 -1.9892 -0.0352727 0.968272 0.183171 -0.166294
707 -0.717393 -0.0801866 -1.99983 -0.035962 0.968396 0.184299 -0.164166
708 -0.717598 -0.0783257 -2.00911 -0.0382251 0.968782 0.183007 -0.162812
709 -0.715615 -0.0777442 -2.01582 -0.0398919 0.968917 0.182656 -0.162004
710 -0.716433 -0.0770731 -2.0245 -0.0411125 0.96895 0.183486 -0.160554
711 -0.716564 -0.0755222 -2.03233 -0.0420028 0.96917 0.18329 -0.159214
712 -0.715407 -0.073451 -2.03916 -0.0425969 0.969227 0.18378 -0.158143
713 -0.715863 -0.0730302 -2.0469 -0.042195 0.969138 0.185463 -0.156826
714 -0.717064 -0.0742898 -2.05701 -0.0417108 0.969127 0.186879 -0.155336
715 -0.717184 -0.0738482 -2.06575 -0.0424168 0.969577 0.186323 -0.152988
716 -0.716254 -0.0712273 -2.07159 -0.0447119 0.970086 0.185404 -0.150197
717 -0.716682 -0.0706966 -2.07772 -0.0455007 0.97026 0.186263 -0.147757
718 -0.718571 -0.0701056 -2.08642 -0.0457721 0.970435 0.187258 -0.145241
719 -0.719867 -0.0692854 -2.0942 -0.0456361 0.970824 0.187482 -0.142371
720 -0.719216 -0.0700238 -2.10163 -0.0447419 0.97109 0.187991 -0.14015
721 -0.723063 -0.0711939 -2.11043 -0.0430986 0.971576 0.188572 -0.136469
722 -0.72699 -0.0707748 -2.11843 -0.0426436 0.972354 0.187272 -0.132811
723 -0.729107 -0.0707843 -2.1248 -0.042013 0.973053 0.185778 -0.129957
724 -0.732093 -0.0709741 -2.13289 -0.040885 0.973545 0.185126 -0.127542
725 -0.733863 -0.0694032 -2.14201 -0.0406515 0.974222 0.18321 -0.125193
726 -0.740914 -0.0683537 -2.15605 -0.0391225 0.975262 0.182299 -0.118749
727 -0.74815 -0.0677452 -2.16602 -0.0394448 0.975944 0.180826 -0.115238
728 -0.750179 -0.0641253 -2.17129 -0.0424827 0.976647 0.17754 -0.113289
729 -0.752001 -0.0641348 -2.17752 -0.0445221 0.976788 0.177295 -0.111667
730 -0.757702 -0.065846 -2.18735 -0.0451405 0.977012 0.177344 -0.109354
731 -0.761352 -0.0666857 -2.19499 -0.0464348 0.977466 0.175696 -0.107404
732 -0.763632 -0.0684755 -2.20198 -0.0470519 0.977792 0.174368 -0.106326
733 -0.769043 -0.0711269 -2.21066 -0.0469261 0.978199 0.173357 -0.104269
734 -0.772312 -0.0699673 -2.21722 -0.0486867 0.978878 0.170007 -0.102597
735 -0.774034 -0.0706069 -2.22279 -0.0499666 0.979206 0.168254 -0.101734
736 -0.777495 -0.0737672 -2.23136 -0.0507704 0.979326 0.167982 -0.100622
737 -0.780659 -0.0745277 -2.23861 -0.052028 0.979931 0.165068 -0.0989015
738 -0.780974 -0.0733576 -2.24246 -0.0534335 0.980497 0.162027 -0.09756
739 -0.782587 -0.0730374 -2.2485 -0.0537444 0.980769 0.161088 -0.096195
740 -0.783992 -0.0732172 -2.25585 -0.0537053 0.981031 0.160408 -0.094678
741 -0.785583 -0.073817 -2.26287 -0.0533275 0.981418 0.159372 -0.0926043
742 -0.787728 -0.0750868 -2.26896 -0.0525221 0.981857 0.158445 -0.0899649
743 -0.791903 -0.0762072 -2.27534 -0.0525878 0.982352 0.15709 -0.0868406
744 -0.79396 -0.0765474 -2.27924 -0.0527094 0.982898 0.154498 -0.0852239
745 -0.797175 -0.0770478 -2.28496 -0.0524878 0.983427 0.152122 -0.0835234
746 -0.793957 -0.0761361 -2.28839 -0.053043 0.98397 0.148588 -0.0831313
747 -0.792526 -0.0740659 -2.29046 -0.0532087 0.984297 0.147261 -0.0814959
748 -0.795273 -0.0740359 -2.29613 -0.0527625 0.984416 0.148072 -0.0788452
749 -0.797407 -0.0755959 -2.30318 -0.051789 0.984691 0.147827 -0.0764793
750 -0.798311 -0.0746853 -2.3067 -0.0519883 0.985185 0.14575 -0.0739199
751 -0.799997 -0.0739262 -2.30946 -0.0525867 0.985469 0.144735 -0.0716705
752 -0.802887 -0.0762157 -2.31601 -0.0524855 0.98565 0.14461 -0.0694797
753 -0.802168 -0.0742652 -2.31939 -0.053866 0.986089 0.141848 -0.0678645
754 -0.799358 -0.0723836 -2.32083 -0.0545121 0.986333 0.140449 -0.0667036
755 -0.800814 -0.0721631 -2.32601 -0.0543046 0.986453 0.140733 -0.064465
756 -0.802156 -0.0715327 -2.33074 -0.0541724 0.986729 0.13985 -0.0622385
757 -0.803773 -0.0717232 -2.33535 -0.0538622 0.986979 0.139028 -0.0603534
758 -0.804551 -0.0734527 -2.3422 -0.0540883 0.987126 0.13847 -0.0590156
759 -0.802165 -0.0717013 -2.34582 -0.054772 0.987476 0.136024 -0.0582167
760 -0.801883 -0.0708008 -2.34917 -0.0553549 0.987734 0.134864 -0.0559323
761 -0.804006 -0.0707512 -2.35455 -0.0556977 0.987965 0.134194 -0.053053
762 -0.804219 -0.0690496 -2.35987 -0.0567035 0.98828 0.132278 -0.0508815
763 -0.803429 -0.0698996 -2.36462 -0.0568195 0.988438 0.131532 -0.049605
764 -0.802922 -0.0691385 -2.37054 -0.0570644 0.98863 0.130475 -0.0482787
765 -0.799673 -0.0655773 -2.37301 -0.0579849 0.988828 0.128986 -0.0471239
766 -0.799577 -0.0656264 -2.37989 -0.0577083 0.988875 0.129265 -0.0456844
767 -0.799314 -0.064815 -2.38621 -0.0583935 0.989034 0.128378 -0.0438237
768 -0.795128 -0.0608735 -2.38769 -0.0599056 0.989209 0.126769 -0.0425046
769 -0.794434 -0.0605326 -2.39309 -0.0596819 0.989187 0.127763 -0.0403048
770 -0.794376 -0.0591717 -2.39991 -0.0597784 0.989245 0.128127 -0.0374773
771 -0.790085 -0.0563202 -2.40381 -0.0601218 0.989292 0.128178 -0.0354517
772 -0.786326 -0.0550079 -2.4084 -0.0600393 0.989208 0.129534 -0.0329056
773 -0.787366 -0.0555182 -2.41508 -0.0592571 0.989163 0.131262 -0.0285603
774 -0.788653 -0.0550575 -2.42094 -0.0591717 0.98919 0.131916 -0.0244949
775 -0.789423 -0.0549479 -2.42571 -0.0590995 0.9892 0.132435 -0.0212643
776 -0.786726 -0.0542059 -2.43019 -0.0592894 0.989155 0.132977 -0.0193609
777 -0.787174 -0.0540845 -2.43555 -0.0591537 0.989126 0.133678 -0.0161675
778 -0.786888 -0.0560143 -2.44131 -0.0588149 0.989009 0.134996 -0.0133358
779 -0.786595 -0.0595827 -2.44768 -0.0577164 0.988967 0.136033 -0.0103825
780 -0.783205 -0.0597813 -2.45306 -0.0572257 0.989125 0.135247 -0.00805752
781 -0.780321 -0.0585494 -2.4577 -0.0566439 0.989273 0.134544 -0.00523461
782 -0.777265 -0.0583375 -2.4608 -0.0553783 0.989357 0.134541 -0.00218852
783 -0.776703 -0.0580368 -2.46718 -0.0539912 0.989449 0.134439 0.00164188
784 -0.777501 -0.056736 -2.4714 -0.0534363 0.989609 0.133354 0.00588742
785 -0.7748 -0.0536749 -2.4742 -0.0543729 0.989693 0.132174 0.00905685
786 -0.772713 -0.0517642 -2.47699 -0.0547987 0.989677 0.131843 0.0123792
787 -0.771001 -0.0514929 -2.48079 -0.0547365 0.989627 0.13189 0.015747
788 -0.769919 -0.0512924 -2.48539 -0.0542631 0.989604 0.131777 0.019331
789 -0.768692 -0.050952 -2.48788 -0.0531013 0.989622 0.131546 0.022892
790 -0.769262 -0.0519409 -2.49306 -0.0511041 0.989612 0.131717 0.0265823
791 -0.769511 -0.0498703 -2.49676 -0.0501103 0.98976 0.130331 0.0296341
792 -0.767692 -0.0476992 -2.49754 -0.0494112 0.989818 0.129669 0.0317019
793 -0.768876 -0.0482585 -2.50321 -0.0483698 0.989706 0.130255 0.034305
794 -0.769816 -0.0475879 -2.50694 -0.0479232 0.989761 0.1293 0.0368527
795 -0.767822 -0.0461173 -2.50879 -0.0479379 0.989787 0.128609 0.0385251
796 -0.766531 -0.0458362 -2.51197 -0.0475011 0.989726 0.128597 0.0405981
797 -0.767083 -0.0440266 -2.51436 -0.0464023 0.989712 0.128253 0.0432325
798 -0.768765 -0.0473757 -2.52073 -0.0451058 0.989506 0.129363 0.0459242
799 -0.770075 -0.0439157 -2.52432 -0.0452306 0.989627 0.127484 0.048377
800 -0.766234 -0.0368645 -2.52191 -0.0464961 0.989739 0.125608 0.0497713
801 -0.7666 -0.0363045 -2.52529 -0.0468944 0.989332 0.127596 0.05236
802 -0.767529 -0.0370536 -2.53079 -0.0470373 0.98897 0.12925 0.0549613
803 -0.767493 -0.0349238 -2.5329 -0.0474171 0.988797 0.129457 0.0572109
804 -0.767765 -0.0323234 -2.53617 -0.0484372 0.98852 0.130324 0.0591462
805 -0.764956 -0.0344102 -2.54839 -0.049207 0.987739 0.133145 0.0649842
806 -0.76483 -0.0353298 -2.55269 -0.0494344 0.987317 0.134182 0.0689737
807 -0.765861 -0.0392292 -2.55962 -0.0490939 0.986749 0.135688 0.0741997
808 -0.768716 -0.0385094 -2.56541 -0.0484331 0.986422 0.134947 0.0800919
809 -0.768862 -0.0359097 -2.56811 -0.0490641 0.986106 0.13357 0.0857106
810 -0.771096 -0.0315599 -2.57289 -0.0499088 0.985665 0.132492 0.091761
811 -0.769081 -0.0265994 -2.57336 -0.0513756 0.985234 0.131541 0.0968083
812 -0.769401 -0.0333686 -2.58251 -0.0510185 0.984242 0.13507 0.102085
813 -0.773483 -0.0401986 -2.59491 -0.0502597 0.983396 0.1366 0.108386
814 -0.774716 -0.0341084 -2.59644 -0.0503834 0.983304 0.132671 0.1139
815 -0.775257 -0.0316076 -2.59998 -0.0498897 0.98286 0.131879 0.118766
816 -0.777464 -0.0315573 -2.60593 -0.0493672 0.982233 0.131943 0.123983
817 -0.780634 -0.0294681 -2.61187 -0.0485547 0.981781 0.130954 0.128841
818 -0.781897 -0.0249882 -2.61523 -0.0486292 0.981468 0.129552 0.132558
819 -0.781561 -0.0254669 -2.61988 -0.0490522 0.980926 0.130068 0.135868
820 -0.783711 -0.0260072 -2.62624 -0.0494808 0.980301 0.13051 0.139746
821 -0.785551 -0.0246978 -2.63111 -0.0496855 0.979857 0.129898 0.14331
822 -0.786437 -0.0252471 -2.63588 -0.0503713 0.979181 0.130116 0.147432
823 -0.789147 -0.0261273 -2.64286 -0.0505817 0.978449 0.129936 0.152303
824 -0.789135 -0.022207 -2.64556 -0.0514385 0.978038 0.128223 0.156062
825 -0.787751 -0.0230556 -2.64957 -0.0518857 0.977449 0.128636 0.159228
826 -0.790765 -0.0216253 -2.65659 -0.0525975 0.976757 0.128302 0.163456
827 -0.79021 -0.0153449 -2.65753 -0.0533334 0.976437 0.126363 0.166608
828 -0.789227 -0.0163538 -2.66199 -0.0533275 0.975603 0.128256 0.170016
829 -0.794392 -0.0194352 -2.67126 -0.0526557 0.974402 0.130249 0.175511
830 -0.795287 -0.0169647 -2.67503 -0.0531922 0.973768 0.129123 0.179646
831 -0.792734 -0.0141537 -2.67612 -0.0542831 0.973307 0.128433 0.182296
832 -0.792068 -0.0137928 -2.68144 -0.054721 0.972438 0.129673 0.185888
833 -0.794222 -0.0126226 -2.68694 -0.0542615 0.971468 0.130479 0.190477
834 -0.795211 -0.012382 -2.69313 -0.0539222 0.970475 0.131168 0.195104
835 -0.795271 -0.0128908 -2.69883 -0.0537763 0.969517 0.131822 0.199418
836 -0.79492 -0.0117102 -2.70358 -0.0536339 0.96868 0.131859 0.20346
837 -0.794098 -0.00947881 -2.70802 -0.0533388 0.967899 0.131506 0.207444
838 -0.79221 -0.0101569 -2.7156 -0.0535896 0.966982 0.132401 0.211054
839 -0.78755 -0.00610518 -2.71874 -0.0538323 0.966494 0.131423 0.213821
840 -0.785126 -0.00399351 -2.72338 -0.054018 0.965677 0.131771 0.217222
841 -0.784244 -0.00303173 -2.72965 -0.0542966 0.964585 0.133205 0.221097
842 -0.778891 -0.000578403 -2.74093 -0.0552925 0.962556 0.134852 0.228571
843 -0.777356 0.000242949 -2.7477 -0.0549696 0.961659 0.135765 0.231859
844 -0.77721 -0.0010457 -2.75542 -0.0547317 0.960627 0.137244 0.235295
845 -0.776652 -0.00457454 -2.76332 -0.0543122 0.959606 0.138371 0.238871
846 -0.773385 -0.00536251 -2.7707 -0.0532291 0.959065 0.137176 0.241957
847 -0.767469 -0.00410914 -2.77599 -0.0529656 0.958794 0.135514 0.244018
848 -0.76619 -0.00126815 -2.78163 -0.052038 0.958414 0.134532 0.246242
849 -0.761084 0.000514507 -2.78771 -0.0518017 0.958158 0.134236 0.247447
850 -0.756216 0.00255704 -2.79269 -0.0514671 0.957927 0.13399 0.248542
851 -0.75383 0.00263953 -2.79929 -0.0522492 0.957438 0.134347 0.250066
852 -0.750037 0.00132179 -2.80609 -0.0530296 0.956958 0.134507 0.251648
853 -0.747942 0.00148368 -2.81185 -0.0534687 0.956375 0.133933 0.254067
854 -0.744871 0.00341558 -2.81718 -0.0533746 0.956062 0.133454 0.255511
855 -0.740209 0.00378823 -2.82227 -0.0535819 0.955583 0.134236 0.256849
856 -0.737552 0.00503039 -2.82759 -0.053151 0.954842 0.134068 0.259764
857 -0.734123 0.00677252 -2.83176 -0.0530693 0.954087 0.133881 0.262638
858 -0.731284 0.00548434 -2.83857 -0.0534747 0.952956 0.135095 0.266016
859 -0.728367 0.00559568 -2.84485 -0.0533106 0.952095 0.135122 0.2691
860 -0.724704 0.00767756 -2.84963 -0.0528677 0.951405 0.134445 0.271954
861 -0.721557 0.00874996 -2.85471 -0.0529526 0.950592 0.134215 0.274876
862 -0.717565 0.00805187 -2.85986 -0.0529952 0.949785 0.134228 0.277637
863 -0.714926 0.00665379 -2.8665 -0.0535558 0.948669 0.133962 0.281449
864 -0.71114 0.0105255 -2.87041 -0.0533655 0.947852 0.132055 0.285115
865 -0.708868 0.0180669 -2.87203 -0.0525142 0.946987 0.130438 0.288867
866 -0.7056 0.0203297 -2.88389 -0.052017 0.943817 0.132334 0.298315
867 -0.700879 0.0217624 -2.88826 -0.0517315 0.942416 0.132957 0.302486
868 -0.699468 0.0218534 -2.89436 -0.0517033 0.940653 0.133836 0.30755
869 -0.695982 0.0228357 -2.9005 -0.0519659 0.93925 0.134415 0.311514
870 -0.6915 0.025218 -2.90386 -0.0521485 0.938369 0.134542 0.314074
871 -0.690185 0.0265396 -2.90883 -0.0521013 0.93709 0.135759 0.317359
872 -0.68466 0.0235622 -2.91478 -0.053135 0.935936 0.137576 0.319803
873 -0.683958 0.0231638 -2.92113 -0.0536897 0.934611 0.138169 0.32331
874 -0.680367 0.0206358 -2.92677 -0.0546398 0.933379 0.138866 0.326397
875 -0.676926 0.0215886 -2.93161 -0.0546467 0.932496 0.138368 0.329118
876 -0.670909 0.0241411 -2.93399 -0.054447 0.932033 0.137919 0.330649
877 -0.668272 0.0265324 -2.93785 -0.0542609 0.931162 0.138184 0.333015
878 -0.666052 0.0240042 -2.94528 -0.0549405 0.929668 0.139793 0.336388
879 -0.660316 0.0256069 -2.94953 -0.0548013 0.928908 0.13945 0.338644
880 -0.656835 0.0274687 -2.95263 -0.0543315 0.928002 0.1392 0.341296
881 -0.652151 0.0276015 -2.95834 -0.0538794 0.926825 0.139478 0.344439
882 -0.650618 0.0280626 -2.965 -0.0534475 0.925426 0.139319 0.348309
883 -0.644839 0.0281959 -2.96912 -0.0532227 0.924565 0.138791 0.350833
884 -0.639697 0.0333679 -2.97179 -0.0522159 0.923984 0.137113 0.353168
885 -0.638854 0.0386388 -2.97596 -0.0518437 0.922868 0.135852 0.35661
886 -0.636805 0.0392511 -2.9833 -0.0520833 0.921342 0.136342 0.360315
887 -0.633245 0.0422635 -2.98799 -0.0515192 0.920255 0.135839 0.363352
888 -0.630235 0.0444155 -2.99296 -0.0512653 0.918998 0.13647 0.366319
889 -0.627064 0.0440278 -2.99935 -0.0516636 0.917417 0.138075 0.369612
890 -0.622917 0.0432007 -3.00762 -0.0518291 0.915719 0.139442 0.373266
891 -0.619952 0.0432429 -3.01397 -0.0521252 0.91405 0.13972 0.377194
892 -0.614863 0.0450757 -3.01815 -0.0526136 0.912565 0.13953 0.380774
893 -0.609181 0.0440986 -3.02276 -0.0540601 0.910836 0.140235 0.384434
894 -0.605312 0.043551 -3.03022 -0.0548911 0.908787 0.140782 0.388938
895 -0.601328 0.0424531 -3.03612 -0.0550969 0.906686 0.140594 0.39385
896 -0.595791 0.037786 -3.0442 -0.0564863 0.90412 0.140627 0.399501
897 -0.590163 0.0372386 -3.04888 -0.0571162 0.902225 0.138755 0.40432
898 -0.585068 0.0387316 -3.05417 -0.0571025 0.899888 0.136698 0.41019
899 -0.578639 0.0438845 -3.05698 -0.0562338 0.897603 0.134451 0.416015
900 -0.57595 0.0483165 -3.06054 -0.055952 0.894833 0.133472 0.422289
901 -0.571475 0.0482395 -3.06999 -0.0568784 0.891099 0.133776 0.429897
902 -0.566654 0.0507224 -3.07508 -0.0569431 0.887907 0.132828 0.436733
903 -0.557841 0.0513754 -3.0732 -0.0583266 0.885541 0.132601 0.441398
904 -0.540292 0.0521951 -3.09212 -0.0596367 0.875974 0.131995 0.460098
905 -0.535004 0.0538878 -3.09787 -0.058582 0.873194 0.132039 0.465474
906 -0.530279 0.0575099 -3.10144 -0.0569737 0.870466 0.131523 0.470898
907 -0.526984 0.057122 -3.10616 -0.0571844 0.86701 0.132436 0.476953
908 -0.519767 0.0548749 -3.10917 -0.058478 0.864113 0.132653 0.481968
909 -0.513519 0.0554779 -3.11034 -0.0590931 0.86162 0.131616 0.486618
910 -0.509634 0.0570295 -3.11209 -0.0597832 0.858988 0.130767 0.491391
911 -0.504285 0.0567524 -3.11664 -0.060958 0.85619 0.130766 0.496108
912 -0.49897 0.0574548 -3.12007 -0.0617894 0.853652 0.130206 0.500507
913 -0.494765 0.0595667 -3.12293 -0.0616952 0.851364 0.129569 0.504564
914 -0.488547 0.0595391 -3.12438 -0.0623438 0.849474 0.129674 0.507634
915 -0.482349 0.0582318 -3.12796 -0.063045 0.847242 0.130305 0.511103
916 -0.477767 0.061384 -3.13031 -0.0623415 0.845293 0.129692 0.514562
917 -0.473378 0.0645661 -3.1332 -0.061306 0.843324 0.130067 0.517812
918 -0.468042 0.0632784 -3.13579 -0.0613932 0.841185 0.130597 0.521137
919 -0.463728 0.0626211 -3.1403 -0.0608731 0.83901 0.130221 0.524784
920 -0.455787 0.0606847 -3.14134 -0.0609663 0.837717 0.129232 0.52708
921 -0.448901 0.0637169 -3.14247 -0.0601696 0.836655 0.127409 0.529297
922 -0.443889 0.0652895 -3.1437 -0.0600111 0.835298 0.127114 0.531523
923 -0.436085 0.0629525 -3.14865 -0.0614781 0.833108 0.127824 0.534615
924 -0.428559 0.0631061 -3.15222 -0.0616473 0.831043 0.126333 0.538151
925 -0.417017 0.0621512 -3.15756 -0.0630945 0.826622 0.124908 0.545082
926 -0.408182 0.0614946 -3.15946 -0.0632723 0.824864 0.12383 0.547962
927 -0.402708 0.0645869 -3.16164 -0.0618025 0.82279 0.122704 0.55149
928 -0.396027 0.06672 -3.1638 -0.0609389 0.820477 0.122549 0.555055
929 -0.388721 0.0669637 -3.16616 -0.0610862 0.817936 0.122445 0.558799
930 -0.383495 0.0688264 -3.16943 -0.0605823 0.815531 0.122093 0.562434
931 -0.375755 0.0676291 -3.16984 -0.0615177 0.813599 0.121873 0.565172
932 -0.368211 0.0665424 -3.17306 -0.0623278 0.811575 0.1209 0.568195
933 -0.360836 0.0657649 -3.17623 -0.0631834 0.809499 0.11974 0.571298
934 -0.352837 0.065418 -3.17721 -0.0635549 0.807521 0.118506 0.574306
935 -0.345269 0.0666707 -3.17675 -0.0632916 0.805661 0.117592 0.577128
936 -0.33739 0.0678627 -3.17736 -0.0632121 0.803618 0.116664 0.580165
937 -0.331928 0.0700252 -3.17975 -0.0625399 0.801122 0.116264 0.583759
938 -0.323809 0.068109 -3.18238 -0.0628446 0.798169 0.116605 0.58769
939 -0.315642 0.0666716 -3.18227 -0.0626352 0.795921 0.116214 0.590831
940 -0.309619 0.0684338 -3.18388 -0.0613204 0.793433 0.11571 0.594403
941 -0.30376 0.0706961 -3.18607 -0.0605007 0.790621 0.115391 0.598284
942 -0.295728 0.0710495 -3.18628 -0.0606753 0.788015 0.114726 0.601821
943 -0.289886 0.0720115 -3.18579 -0.0604285 0.785636 0.114253 0.605038
944 -0.281825 0.0729938 -3.18485 -0.0609153 0.783496 0.114365 0.607737
945 -0.27505 0.074286 -3.18572 -0.0611994 0.780704 0.114604 0.611246
946 -0.268363 0.0757987 -3.18808 -0.0618716 0.777465 0.115696 0.615089
947 -0.261358 0.0774415 -3.18894 -0.062403 0.77428 0.11653 0.618883
948 -0.254535 0.0776541 -3.19162 -0.0630637 0.770678 0.117464 0.623122
949 -0.247295 0.0779073 -3.19294 -0.0634955 0.767517 0.117811 0.626903
950 -0.240878 0.0792596 -3.19378 -0.063758 0.764489 0.117906 0.630547
951 -0.234069 0.0810325 -3.19565 -0.0638483 0.761417 0.118493 0.634134
952 -0.227048 0.0814152 -3.19627 -0.0647981 0.758712 0.119213 0.637139
953 -0.219638 0.0820279 -3.19746 -0.0653569 0.756217 0.119792 0.639933
954 -0.212753 0.081511 -3.19889 -0.0657428 0.753435 0.120776 0.642983
955 -0.205008 0.0820241 -3.20093 -0.0655638 0.750269 0.120918 0.646665
956 -0.197444 0.0824778 -3.20335 -0.0648612 0.747293 0.120476 0.650255
957 -0.191442 0.0838709 -3.20566 -0.0638376 0.744474 0.119822 0.653701
958 -0.183593 0.0821338 -3.20725 -0.0641661 0.741363 0.120011 0.657161
959 -0.174145 0.0795171 -3.20809 -0.0642049 0.738282 0.1191 0.660782
960 -0.167888 0.0837195 -3.2081 -0.0621166 0.735867 0.116054 0.664209
961 -0.160972 0.0853727 -3.20868 -0.0625009 0.733043 0.114676 0.667526
962 -0.152627 0.0866358 -3.20991 -0.0636561 0.730092 0.113339 0.670871
963 -0.145487 0.0878782 -3.21008 -0.0647842 0.727673 0.112015 0.673608
964 -0.137983 0.0894511 -3.21233 -0.0654541 0.724665 0.111215 0.676911
965 -0.131196 0.0909836 -3.21332 -0.0648738 0.7212 0.111296 0.680643
966 -0.12332 0.0918765 -3.21377 -0.0644343 0.717528 0.112031 0.684434
967 -0.116347 0.0933497 -3.21585 -0.0634291 0.713513 0.112277 0.688673
968 -0.109037 0.0935326 -3.21615 -0.0632107 0.710051 0.112044 0.692299
969 -0.103358 0.0950744 -3.21871 -0.062518 0.706432 0.111852 0.696085
970 -0.0957898 0.0950875 -3.22055 -0.0629088 0.702774 0.111404 0.699814
971 -0.0887417 0.0951002 -3.22168 -0.0636147 0.699511 0.109828 0.70326
972 -0.081378 0.0949831 -3.22237 -0.0646509 0.696853 0.10731 0.706187
973 -0.0755771 0.0962048 -3.22157 -0.0650527 0.694451 0.104837 0.708883
974 -0.0690875 0.0972867 -3.2214 -0.0659647 0.691339 0.103578 0.712019
975 -0.0623088 0.0983589 -3.22163 -0.066917 0.688043 0.102763 0.715233
976 -0.0548735 0.0984116 -3.22189 -0.0678795 0.684383 0.102521 0.71868
977 -0.0482503 0.0995641 -3.22044 -0.0679146 0.680827 0.102379 0.722067
978 -0.0420464 0.101096 -3.222 -0.0682633 0.675809 0.103511 0.726573
979 -0.0338176 0.10127 -3.22301 -0.0695627 0.670665 0.104187 0.731105
980 -0.0251461 0.100373 -3.22291 -0.0699018 0.666241 0.10375 0.735169
981 -0.0206341 0.101274 -3.22207 -0.0692732 0.662327 0.102839 0.738883
982 -0.0135839 0.102067 -3.22158 -0.0702097 0.657985 0.103024 0.742639
983 -0.00541671 0.10207 -3.2219 -0.0709123 0.653305 0.10296 0.746702
984 0.000639724 0.103662 -3.22196 -0.0705651 0.648881 0.10222 0.750683
985 0.00631654 0.104465 -3.21987 -0.0708941 0.645231 0.102198 0.753795
986 0.0131632 0.105247 -3.21878 -0.0716621 0.641509 0.102575 0.756842
987 0.0205785 0.105809 -3.21833 -0.0722264 0.637916 0.102658 0.759808
988 0.0269192 0.106391 -3.21812 -0.0720248 0.634522 0.102826 0.762641
989 0.0337797 0.106244 -3.21754 -0.0720984 0.631445 0.102804 0.765186
990 0.0404709 0.104896 -3.21505 -0.0726419 0.629335 0.102229 0.766948
991 0.0472246 0.103259 -3.21402 -0.0728778 0.626911 0.101324 0.769028
992 0.0535474 0.10172 -3.21076 -0.0727124 0.625015 0.099649 0.770805
993 0.0602212 0.101132 -3.20914 -0.0722412 0.622899 0.0978342 0.772791
994 0.0660676 0.101914 -3.20772 -0.0717222 0.620841 0.0960378 0.774719
995 0.0726189 0.102476 -3.20591 -0.072536 0.618768 0.0951006 0.776415
996 0.0799477 0.102309 -3.20431 -0.0737364 0.616411 0.0942431 0.77828
997 0.0863574 0.102831 -3.20326 -0.0752463 0.613802 0.0934038 0.780295
998 0.09503 0.099844 -3.20062 -0.0775811 0.611544 0.0934256 0.781835
999 0.101248 0.100216 -3.20016 -0.0771917 0.609154 0.0920013 0.783906
1000 0.107718 0.101028 -3.19937 -0.0769296 0.606024 0.0914037 0.786424
1001 0.11508 0.100201 -3.19718 -0.0781448 0.602832 0.0912447 0.788772
1002 0.123 0.0985432 -3.19542 -0.0793194 0.599629 0.0905888 0.791168
1003 0.129117 0.0990846 -3.19371 -0.0791862 0.596894 0.0888546 0.793443
1004 0.135717 0.098897 -3.19243 -0.0794639 0.594034 0.0881409 0.795638
1005 0.14274 0.0972488 -3.18957 -0.0802881 0.591851 0.0875811 0.797242
1006 0.149461 0.096261 -3.1869 -0.0803246 0.589597 0.0865066 0.799025
1007 0.155021 0.0965528 -3.18472 -0.0800301 0.587233 0.0852384 0.800929
1008 0.160976 0.0961652 -3.18214 -0.0802013 0.584558 0.0843787 0.802957
1009 0.16792 0.0956979 -3.1797 -0.0801894 0.581289 0.0833721 0.805433
1010 0.173525 0.0962191 -3.17835 -0.0796105 0.577776 0.0821639 0.808137
1011 0.179218 0.0972812 -3.17723 -0.0791899 0.574315 0.082205 0.810638
1012 0.185502 0.0967937 -3.17377 -0.079134 0.571645 0.0826235 0.812485
1013 0.190559 0.096945 -3.17153 -0.0784417 0.568541 0.0827968 0.814711
1014 0.196247 0.0980673 -3.17069 -0.0771459 0.564854 0.0831931 0.817354
1015 0.201557 0.0996788 -3.16961 -0.0756545 0.561045 0.0832736 0.820104
1016 0.20646 0.0993097 -3.16661 -0.0761497 0.55848 0.0839852 0.821735
1017 0.212391 0.0993819 -3.16435 -0.0769334 0.555458 0.0840638 0.8237
1018 0.217196 0.0990536 -3.16128 -0.0780304 0.552683 0.0838752 0.825481
1019 0.223307 0.0989556 -3.15821 -0.0790546 0.549436 0.0838195 0.827554
1020 0.228944 0.098588 -3.15499 -0.0793424 0.546704 0.0834217 0.829374
1021 0.233991 0.0980089 -3.15069 -0.0794152 0.544331 0.083317 0.830936
1022 0.239006 0.0978405 -3.14705 -0.0797939 0.541526 0.0834041 0.832722
1023 0.24543 0.0973127 -3.1438 -0.0807516 0.538277 0.0838114 0.834693
1024 0.252089 0.0968146 -3.13971 -0.0809443 0.535014 0.0830132 0.836849
1025 0.256336 0.096915 -3.13585 -0.0808104 0.53247 0.081871 0.838596
1026 0.262224 0.0979068 -3.13444 -0.0811757 0.528399 0.0819492 0.841124
1027 0.26988 0.0966091 -3.12931 -0.0821865 0.52436 0.0819082 0.843554
1028 0.276029 0.0967813 -3.12738 -0.0805885 0.519742 0.0809015 0.846657
1029 0.281826 0.0970335 -3.12491 -0.0800525 0.515301 0.0795999 0.849541
1030 0.288123 0.097405 -3.12139 -0.0805393 0.511132 0.0780503 0.852154
1031 0.29418 0.0972764 -3.11791 -0.0820167 0.507235 0.0767052 0.85446
1032 0.301107 0.0962987 -3.11386 -0.0840592 0.503546 0.0754513 0.856553
1033 0.308104 0.0958502 -3.11002 -0.0848455 0.500164 0.0735493 0.85862
1034 0.312401 0.0956914 -3.10725 -0.0847243 0.497541 0.071344 0.86034
1035 0.316988 0.097203 -3.10494 -0.0850242 0.49426 0.0701965 0.862294
1036 0.323756 0.0977952 -3.10237 -0.0869394 0.489488 0.0705011 0.864796
1037 0.330293 0.0965271 -3.09828 -0.0887232 0.485289 0.0706803 0.866964
1038 0.33681 0.0954294 -3.09514 -0.0896273 0.480929 0.0704264 0.869318
1039 0.342058 0.0936108 -3.09167 -0.0898727 0.476981 0.0699203 0.871506
1040 0.347397 0.0937724 -3.09059 -0.0891519 0.472114 0.0692715 0.874278
1041 0.354523 0.0924246 -3.08627 -0.0897017 0.467207 0.0679925 0.876954
1042 0.35895 0.0914257 -3.08264 -0.0884642 0.463317 0.0654741 0.879332
1043 0.368727 0.0908687 -3.079 -0.0886153 0.455798 0.0607409 0.883576
1044 0.373895 0.0904601 -3.0761 -0.0893706 0.451963 0.0581963 0.885639
1045 0.377711 0.0895307 -3.07145 -0.0897738 0.448324 0.0563315 0.887566
1046 0.38266 0.0896223 -3.06938 -0.090009 0.443227 0.0554951 0.890151
1047 0.388326 0.0891047 -3.06483 -0.0908803 0.43843 0.0546711 0.892486
1048 0.393433 0.0888953 -3.06163 -0.0904394 0.433475 0.0535438 0.895016
1049 0.397751 0.0886767 -3.05946 -0.0897115 0.428568 0.0531138 0.897474
1050 0.403289 0.0893586 -3.05685 -0.0893471 0.42343 0.0525364 0.89998
1051 0.408075 0.0884206 -3.05262 -0.0893151 0.418963 0.0518344 0.902112
1052 0.412473 0.0874119 -3.0498 -0.0890564 0.413982 0.051488 0.904454
1053 0.41702 0.0872731 -3.04613 -0.0887862 0.408452 0.0507996 0.90703
1054 0.425534 0.0872357 -3.0402 -0.0882322 0.397882 0.0502807 0.911799
1055 0.430071 0.0872169 -3.03671 -0.0887129 0.393561 0.0503877 0.91362
1056 0.434348 0.086818 -3.03247 -0.0889756 0.38949 0.0502597 0.915344
1057 0.438663 0.0859196 -3.0272 -0.0886867 0.385348 0.0494223 0.917169
1058 0.441721 0.0843501 -3.02371 -0.0880788 0.38099 0.0484877 0.919096
1059 0.445027 0.0836408 -3.01964 -0.0877318 0.376916 0.0474247 0.920863
1060 0.448614 0.0828717 -3.01586 -0.087532 0.372775 0.0466923 0.922603
1061 0.45201 0.0819428 -3.01126 -0.0874049 0.368874 0.0456712 0.924233
1062 0.455887 0.0812135 -3.00684 -0.0871288 0.364703 0.0441117 0.925989
1063 0.459283 0.0807641 -3.00283 -0.0866478 0.361279 0.0424685 0.927451
1064 0.46211 0.0800347 -2.99927 -0.0866339 0.35822 0.0413094 0.928691
1065 0.465197 0.0788848 -2.99496 -0.0869182 0.354935 0.0404284 0.929963
1066 0.468364 0.0781457 -2.99126 -0.0867737 0.351554 0.03921 0.931312
1067 0.470201 0.0769148 -2.98722 -0.0865733 0.348587 0.0384206 0.932478
1068 0.474948 0.0748558 -2.98244 -0.0863829 0.344556 0.0369121 0.934054
1069 0.478594 0.0715971 -2.97726 -0.0845876 0.341816 0.0345527 0.935314
1070 0.48204 0.0699873 -2.97137 -0.0809536 0.337937 0.0322364 0.937127
1071 0.485237 0.0681674 -2.96687 -0.081392 0.336073 0.0319471 0.937768
1072 0.486902 0.067338 -2.96171 -0.0810684 0.334706 0.0308043 0.938323
1073 0.490839 0.0655584 -2.95692 -0.0809115 0.332238 0.0298164 0.939246
1074 0.493374 0.0637584 -2.95122 -0.0797595 0.330895 0.0290139 0.939843
1075 0.496122 0.0616384 -2.94736 -0.0785024 0.32852 0.0276365 0.940823
1076 0.500089 0.0602098 -2.94327 -0.0777411 0.325921 0.0261611 0.941832
1077 0.502226 0.0588799 -2.93969 -0.0775703 0.324572 0.0247007 0.942351
1078 0.504813 0.0574501 -2.93576 -0.0790796 0.32265 0.023572 0.942914
1079 0.508468 0.0559497 -2.92939 -0.0806054 0.320472 0.0229199 0.943544
1080 0.511034 0.0553498 -2.92422 -0.0803423 0.31804 0.0218354 0.944414
1081 0.51268 0.0538192 -2.91927 -0.0808585 0.315884 0.0221244 0.945087
1082 0.515944 0.0529797 -2.91239 -0.0810428 0.312932 0.0219852 0.946056
1083 0.519709 0.0520594 -2.90576 -0.0797331 0.310035 0.021491 0.947132
1084 0.521796 0.0500998 -2.90167 -0.0780152 0.307449 0.0222214 0.948101
1085 0.524622 0.04899 -2.89698 -0.0777155 0.304322 0.0220747 0.949137
1086 0.526997 0.0479598 -2.89123 -0.0774481 0.301756 0.0217924 0.949984
1087 0.528654 0.0474 -2.8869 -0.076868 0.298757 0.0219836 0.950974
1088 0.53115 0.0468998 -2.88194 -0.0770401 0.295092 0.0218398 0.952107
1089 0.533715 0.0457695 -2.87545 -0.0769476 0.291727 0.0215482 0.953158
1090 0.53639 0.0447996 -2.8695 -0.0756373 0.287918 0.0203201 0.954447
1091 0.537996 0.0430892 -2.8643 -0.074467 0.284671 0.0192828 0.955534
1092 0.540261 0.0419991 -2.85801 -0.0730565 0.281626 0.0179054 0.956572
1093 0.541087 0.0402689 -2.85315 -0.0714475 0.279436 0.0168015 0.957355
1094 0.541093 0.0393779 -2.84879 -0.0707131 0.277516 0.0159967 0.957982
1095 0.542639 0.038028 -2.84358 -0.0716964 0.274688 0.0155362 0.958731
1096 0.544494 0.0365274 -2.83651 -0.0727273 0.271762 0.0148302 0.959498
1097 0.546947 0.0356174 -2.82907 -0.0721884 0.267841 0.0125148 0.960674
1098 0.548123 0.0340474 -2.82402 -0.0710473 0.264274 0.0105113 0.96177
1099 0.548459 0.0323763 -2.81881 -0.0709962 0.261191 0.00954279 0.962625
1100 0.550675 0.0312462 -2.81301 -0.0711031 0.25753 0.0093193 0.963606
1101 0.55128 0.0310655 -2.8073 -0.070741 0.25488 0.00906879 0.964339
1102 0.552794 0.0306246 -2.80077 -0.07076 0.251783 0.00948313 0.965147
1103 0.553628 0.0307841 -2.79364 -0.0701777 0.248669 0.0093042 0.965998
1104 0.555681 0.0305037 -2.78595 -0.0694416 0.244719 0.00905413 0.967062
1105 0.557965 0.0303431 -2.77838 -0.068164 0.240914 0.00836421 0.968114
1106 0.560208 0.0298331 -2.77099 -0.0664733 0.237822 0.00741121 0.969003
1107 0.562462 0.029763 -2.76388 -0.0643461 0.235229 0.00644677 0.969786
1108 0.563756 0.0291522 -2.75695 -0.0624771 0.233431 0.00609101 0.970345
1109 0.56534 0.0275519 -2.74994 -0.0620398 0.231181 0.00602119 0.970912
1110 0.567694 0.0273621 -2.74279 -0.0616063 0.228244 0.0051653 0.971639
1111 0.570577 0.0266118 -2.73451 -0.0612725 0.22557 0.00461721 0.972287
1112 0.57386 0.0252419 -2.72603 -0.0594243 0.223019 0.00348338 0.972995
1113 0.575125 0.0246713 -2.72028 -0.0567627 0.221229 0.0022488 0.973566
1114 0.577 0.0236211 -2.71363 -0.0569251 0.219671 0.00193995 0.97391
1115 0.580503 0.0222516 -2.70535 -0.0572079 0.217625 0.00195961 0.974353
1116 0.581847 0.0206616 -2.69815 -0.0563621 0.216136 0.00210093 0.974733
1117 0.583782 0.020622 -2.6921 -0.0556752 0.21364 0.00248523 0.975322
1118 0.586475 0.0200417 -2.68456 -0.0561639 0.211645 0.00291628 0.975727
1119 0.588499 0.0195718 -2.67687 -0.055825 0.210234 0.00346669 0.97605
1120 0.591103 0.0183713 -2.6695 -0.0554805 0.207596 0.0036006 0.976633
1121 0.592737 0.0171614 -2.6629 -0.0550138 0.204388 0.00322014 0.977338
1122 0.595611 0.0152814 -2.6552 -0.0548326 0.200258 0.00305404 0.978203
1123 0.597935 0.014081 -2.64796 -0.0537326 0.196548 0.00229858 0.979018
1124 0.59968 0.0121107 -2.64095 -0.0532397 0.193392 0.00173771 0.979674
1125 0.601314 0.0110497 -2.63443 -0.0523198 0.190742 0.00118435 0.980244
1126 0.602529 0.0104992 -2.62891 -0.0517875 0.188526 0.00132663 0.980701
1127 0.604534 0.0100188 -2.62247 -0.0517649 0.185788 0.00162083 0.981224
1128 0.607148 0.00900888 -2.61552 -0.051753 0.182943 0.00175655 0.981759
1129 0.608843 0.00859833 -2.6095 -0.051005 0.180475 0.00154765 0.982255
1130 0.609998 0.00849795 -2.60453 -0.0501678 0.178279 0.00142123 0.982699
1131 0.611884 0.00894761 -2.59948 -0.0498818 0.176136 0.00104556 0.983101
1132 0.613588 0.00915766 -2.5936 -0.0502923 0.174481 0.000518349 0.983375
1133 0.616063 0.008178 -2.58745 -0.0507332 0.172633 0.000355601 0.983679
1134 0.618149 0.0080781 -2.58221 -0.0504574 0.170358 -0.00042586 0.984089
1135 0.620634 0.00578785 -2.57624 -0.050699 0.167631 -0.000670902 0.984545
1136 0.62158 0.00418806 -2.57103 -0.0498547 0.16537 -0.000990454 0.98497
1137 0.622757 0.00296783 -2.56632 -0.0489195 0.163105 -0.00122324 0.985394
1138 0.625203 0.00118804 -2.56093 -0.0482712 0.160704 -0.0015427 0.98582
1139 0.62509 -2.21729e-05 -2.55738 -0.0473464 0.158984 -0.00237124 0.986142
1140 0.625976 -0.000442743 -2.5531 -0.0475301 0.156634 -0.00241203 0.986509
1141 0.628682 -0.00224257 -2.54739 -0.0479077 0.153734 -0.00197635 0.986948
1142 0.631118 -0.00237203 -2.54237 -0.0468458 0.151263 -0.00231179 0.98738
1143 0.632933 -0.00289178 -2.53757 -0.0461096 0.149278 -0.00218258 0.987717
1144 0.63477 -0.0043323 -2.53249 -0.0460882 0.147581 -0.00234946 0.987973
1145 0.637075 -0.00456285 -2.52712 -0.0453768 0.145655 -0.00252817 0.988291
1146 0.638902 -0.00500202 -2.52271 -0.0449261 0.143878 -0.00268098 0.988571
1147 0.640448 -0.00509191 -2.51801 -0.0447293 0.142436 -0.00296564 0.988788
1148 0.642812 -0.00529218 -2.51231 -0.0440616 0.140754 -0.00266791 0.98906
1149 0.644268 -0.00543237 -2.50744 -0.0432865 0.139265 -0.00297508 0.989304
1150 0.646213 -0.00548267 -2.50135 -0.042535 0.138015 -0.00272893 0.989513
1151 0.648057 -0.0057528 -2.49503 -0.0411265 0.137309 -0.0032266 0.989669
1152 0.648693 -0.00554347 -2.48966 -0.0397433 0.137309 -0.00416864 0.989722
1153 0.649288 -0.00589371 -2.48421 -0.0390502 0.137301 -0.00424592 0.98975
1154 0.649973 -0.00841427 -2.47706 -0.0394747 0.136788 -0.00363556 0.989807
1155 0.651367 -0.00958419 -2.47038 -0.0388206 0.135251 -0.00312829 0.990046
1156 0.653431 -0.0109642 -2.46319 -0.0379366 0.133647 -0.0024404 0.9903
1157 0.6557 -0.0141153 -2.44899 -0.0348246 0.131456 -0.00193909 0.990708
1158 0.656985 -0.0156858 -2.44317 -0.0329931 0.130324 -0.00230354 0.99092
1159 0.65702 -0.0182166 -2.43637 -0.0320393 0.130124 -0.00223256 0.990977
1160 0.657446 -0.0209973 -2.43006 -0.0319094 0.129532 -0.00136511 0.991061
1161 0.65831 -0.0229874 -2.42299 -0.0314152 0.128985 -0.000884592 0.991148
1162 0.658755 -0.0237784 -2.41632 -0.0302949 0.129085 -0.000576144 0.991171
1163 0.65943 -0.025429 -2.41014 -0.0302501 0.129136 0.000144818 0.991165
1164 0.661324 -0.02865 -2.40237 -0.030592 0.128768 0.000823256 0.991202
1165 0.661088 -0.0300415 -2.39535 -0.0291345 0.129421 0.000418781 0.991162
1166 0.660944 -0.0321827 -2.38901 -0.0282731 0.130075 0.000903842 0.991101
1167 0.661438 -0.032773 -2.38233 -0.0261324 0.130157 0.000716618 0.991149
1168 0.661023 -0.0341241 -2.37638 -0.0247598 0.130925 7.03273e-06 0.991083
1169 0.660109 -0.0355058 -2.37053 -0.0242476 0.131898 0.000742177 0.990966
1170 0.660524 -0.0387268 -2.36283 -0.0241695 0.131755 0.00198924 0.990986
1171 0.659908 -0.0418277 -2.35569 -0.0224469 0.131545 0.0024615 0.991053
1172 0.659543 -0.0423889 -2.34896 -0.0194686 0.131105 0.00260742 0.991174
1173 0.659687 -0.0440395 -2.3422 -0.0172473 0.130926 0.00307055 0.991237
1174 0.659282 -0.0441206 -2.33661 -0.0150499 0.13084 0.00258251 0.991286
1175 0.658842 -0.0468125 -2.32367 -0.0135508 0.131023 0.00274478 0.991283
1176 0.659507 -0.0484333 -2.31694 -0.0131183 0.130098 0.00283224 0.99141
1177 0.660191 -0.0479934 -2.31038 -0.0113616 0.129536 0.00288832 0.991505
1178 0.659626 -0.0481739 -2.30484 -0.00941248 0.129821 0.00267156 0.991489
1179 0.659651 -0.0499947 -2.29854 -0.00892926 0.129986 0.00413452 0.991467
1180 0.657606 -0.0504766 -2.29286 -0.00753908 0.130133 0.00456788 0.991457
1181 0.654023 -0.0487883 -2.28948 -0.00731489 0.130074 0.00453119 0.991467
1182 0.653916 -0.0490689 -2.28229 -0.0104451 0.128651 0.00548649 0.99162
1183 0.656649 -0.0504191 -2.27317 -0.0119038 0.126572 0.00616231 0.991867
1184 0.658542 -0.0489087 -2.26641 -0.0107314 0.125428 0.00497592 0.992032
1185 0.658487 -0.0487196 -2.26027 -0.010694 0.125794 0.00374859 0.991992
1186 0.658941 -0.0499198 -2.25335 -0.0115055 0.125887 0.00339102 0.991972
1187 0.658336 -0.049911 -2.24741 -0.0119107 0.126084 0.00364738 0.991941
1188 0.65754 -0.0492325 -2.24164 -0.0125227 0.125291 0.00506618 0.992028
1189 0.658514 -0.0496433 -2.23441 -0.0141425 0.122866 0.00610329 0.992304
1190 0.660167 -0.048744 -2.22717 -0.0150334 0.120349 0.00614721 0.992599
1191 0.663431 -0.0487537 -2.21976 -0.0158253 0.118397 0.0060594 0.992822
1192 0.665684 -0.0483639 -2.21313 -0.0151114 0.117708 0.00591502 0.992916
1193 0.665239 -0.0472949 -2.20752 -0.0143661 0.118012 0.00559078 0.992892
1194 0.667333 -0.0476656 -2.20005 -0.0151916 0.117268 0.00625754 0.992964
1195 0.670926 -0.0485554 -2.19203 -0.0147111 0.11625 0.00690393 0.993087
1196 0.67341 -0.0487459 -2.18484 -0.0135086 0.11631 0.00647461 0.9931
1197 0.674794 -0.0498767 -2.17753 -0.0134097 0.117035 0.00597864 0.993019
1198 0.676368 -0.0500968 -2.17046 -0.0122359 0.117415 0.00514492 0.992994
1199 0.676233 -0.0488379 -2.16535 -0.0124309 0.118268 0.00462922 0.992893
1200 0.679536 -0.049607 -2.15742 -0.0149046 0.118174 0.00618089 0.992862
1201 0.682838 -0.0508573 -2.14879 -0.0159077 0.118237 0.00784048 0.992827
1202 0.684453 -0.0511479 -2.14201 -0.0150921 0.118982 0.00844694 0.992746
1203 0.686296 -0.0512681 -2.13498 -0.0150959 0.11955 0.0105036 0.992658
1204 0.68852 -0.0525582 -2.12735 -0.0151753 0.120221 0.0113076 0.992567
1205 0.690754 -0.0532184 -2.12049 -0.014213 0.121143 0.0115596 0.992466
1206 0.691919 -0.052779 -2.11457 -0.0133405 0.122274 0.0113534 0.992342
1207 0.694253 -0.053159 -2.10778 -0.0139631 0.122966 0.011751 0.992243
1208 0.696547 -0.0543792 -2.10069 -0.0145884 0.123496 0.0124426 0.99216
1209 0.696492 -0.0547204 -2.09461 -0.0153332 0.123816 0.0121233 0.992113
1210 0.697916 -0.0548196 -2.08831 -0.0168107 0.122661 0.0117684 0.992236
1211 0.701545 -0.0571208 -2.07432 -0.0182125 0.120168 0.010766 0.992528
1212 0.70147 -0.0581613 -2.06875 -0.0177094 0.119302 0.00936895 0.992656
1213 0.700996 -0.0582619 -2.06359 -0.0172174 0.118195 0.00816057 0.992808
1214 0.700682 -0.0585027 -2.0582 -0.0174578 0.116514 0.00702926 0.993011
1215 0.701213 -0.060394 -2.04716 -0.018819 0.110817 0.00486636 0.993651
1216 0.702058 -0.0611439 -2.04155 -0.0194942 0.107687 0.00483325 0.993982
1217 0.702843 -0.0620744 -2.03591 -0.0194547 0.10504 0.00380781 0.99427
1218 0.703629 -0.0616543 -2.03139 -0.0186504 0.102741 0.00265167 0.99453
1219 0.703065 -0.0627458 -2.02639 -0.0192983 0.101377 0.00151175 0.99466
1220 0.702561 -0.0636067 -2.02132 -0.019596 0.10025 0.000352865 0.994769
1221 0.701387 -0.0652883 -2.01634 -0.0206767 0.0990364 -0.00032469 0.994869
1222 0.701192 -0.0655196 -2.01069 -0.021141 0.0966958 -0.000562685 0.995089
1223 0.701368 -0.0656104 -2.00553 -0.0212696 0.0937299 -0.00124245 0.99537
1224 0.700752 -0.0658612 -1.99985 -0.021617 0.0912992 -0.00240882 0.995586
1225 0.699618 -0.0663128 -1.99426 -0.0218338 0.0892119 -0.00358083 0.995767
1226 0.698513 -0.066884 -1.98871 -0.0222984 0.0871784 -0.00430947 0.995934
1227 0.697218 -0.068176 -1.98286 -0.0228899 0.0847429 -0.00499177 0.996127
1228 0.695913 -0.0688977 -1.97688 -0.022887 0.0820477 -0.00608171 0.996347
1229 0.694798 -0.069299 -1.97025 -0.0227886 0.079411 -0.00736941 0.996554
1230 0.694053 -0.0698204 -1.96452 -0.0223789 0.0772378 -0.00829926 0.996727
1231 0.692708 -0.0701814 -1.95897 -0.0221044 0.0757385 -0.0094139 0.996838
1232 0.690074 -0.0705433 -1.95399 -0.0221798 0.0751037 -0.0100881 0.996878
1233 0.687878 -0.0706248 -1.94805 -0.0224827 0.0740149 -0.01039 0.99695
1234 0.686783 -0.0708361 -1.94213 -0.0228788 0.0724224 -0.00962266 0.997065
1235 0.684909 -0.0709879 -1.93677 -0.0234709 0.0716214 -0.00939651 0.997111
1236 0.684753 -0.0714588 -1.93015 -0.0246318 0.0705867 -0.0089208 0.997162
1237 0.684068 -0.0716901 -1.92476 -0.0253384 0.0700412 -0.00881573 0.997183
1238 0.682934 -0.0731714 -1.91905 -0.0269078 0.0699852 -0.00876726 0.997147
1239 0.682178 -0.074713 -1.91267 -0.0277515 0.0697544 -0.00861319 0.997141
1240 0.680235 -0.0757945 -1.90772 -0.0271376 0.0698924 -0.00900467 0.997145
